   3.5475000e+02   3.2416667e+01
   3.5516667e+02   3.5033333e+01
   3.5440000e+02   3.2383333e+01
   3.5496667e+02   3.3450000e+01
   3.5490000e+02   3.5116667e+01
   3.5581667e+02   3.4083333e+01
   3.5493333e+02   3.3016667e+01
   1.9216667e+01  -3.2400000e+01
   2.7666667e+01  -1.8333333e+01
   2.6933333e+01  -1.8550000e+01
   2.8830000e+02  -4.3183333e+01
   2.8898333e+02  -3.7866667e+01
   2.8893333e+02  -3.7800000e+01
   2.8920000e+02  -3.9400000e+01
   2.8925000e+02  -3.8633333e+01
   2.8915000e+02  -3.8100000e+01
   2.8885000e+02  -4.1083333e+01
   2.8886667e+02  -4.0716667e+01
   2.8856667e+02  -4.2950000e+01
   2.8875000e+02  -4.1983333e+01
   2.8875000e+02  -3.8866667e+01
   2.8883333e+02  -3.8883333e+01
   2.8895000e+02  -3.8983333e+01
   2.8938333e+02  -3.8883333e+01
   2.8843333e+02  -4.3016667e+01
   2.8878333e+02  -3.9683333e+01
   2.8883333e+02  -3.9216667e+01
   2.8883333e+02  -3.9216667e+01
   2.8863333e+02  -3.9600000e+01
   2.8940000e+02  -3.7066667e+01
   2.9258333e+02  -5.4516667e+01
   2.8825000e+02  -4.5916667e+01
   2.9566667e+02  -5.4833333e+01
   2.9480000e+02  -5.4833333e+01
   2.8825000e+02  -4.1250000e+01
   2.8725000e+02  -5.0416667e+01
   2.8876667e+02  -4.0333333e+01
   2.8845000e+02  -4.2150000e+01
   2.9533333e+02  -5.4700000e+01
   2.9541667e+02  -2.4600000e+01
   2.9208333e+02  -5.4433333e+01
   2.9143333e+02  -5.4050000e+01
   2.9421667e+02  -2.7700000e+01
   2.9216667e+02  -5.4683333e+01
   2.8850000e+02  -4.5000000e+01
   2.9213333e+02  -5.4650000e+01
   2.8806667e+02  -4.1166667e+01
   2.9266667e+02  -5.4916667e+01
   2.9415000e+02  -2.7133333e+01
   2.9415000e+02  -2.7133333e+01
   2.9213333e+02  -5.4650000e+01
   2.9541667e+02  -2.4600000e+01
   2.9228333e+02  -5.4466667e+01
   2.9291667e+02  -5.4500000e+01
   2.9091667e+02  -3.2716667e+01
   2.8783333e+02  -5.3200000e+01
   2.8875000e+02  -4.0666667e+01
   2.9563333e+02  -5.4833333e+01
   2.8883333e+02  -5.3500000e+01
   2.9461667e+02  -2.6083333e+01
   2.8870000e+02  -3.9083333e+01
   2.9220000e+02  -5.4500000e+01
   2.8858333e+02  -4.1666667e+01
   2.9458333e+02  -2.4916667e+01
   2.9468333e+02  -2.3916667e+01
   2.9383333e+02  -5.4516667e+01
   2.9308333e+02  -5.4900000e+01
   2.9153333e+02  -5.4783333e+01
   2.9181667e+02  -5.4783333e+01
   2.8721667e+02  -5.0366667e+01
   2.9541667e+02  -2.4600000e+01
   2.8856667e+02  -3.9600000e+01
   2.9258333e+02  -5.4516667e+01
   2.9546667e+02  -2.2733333e+01
   2.8885000e+02  -4.0700000e+01
   2.8856667e+02  -4.0116667e+01
   2.8890000e+02  -4.0733333e+01
   2.8886667e+02  -3.9933333e+01
   2.8830000e+02  -4.3183333e+01
   2.8901667e+02  -4.1033333e+01
   2.8871667e+02  -4.0050000e+01
   2.8885000e+02  -4.1083333e+01
   2.8873333e+02  -4.0700000e+01
   2.8860000e+02  -4.0650000e+01
   2.8878333e+02  -4.2966667e+01
   2.8888333e+02  -3.9116667e+01
   2.8851667e+02  -4.1533333e+01
   2.8925000e+02  -4.1183333e+01
   2.8896667e+02  -4.0066667e+01
   2.8873333e+02  -3.9283333e+01
   2.8901667e+02  -4.1050000e+01
   2.8843333e+02  -4.3016667e+01
   2.8886667e+02  -4.0700000e+01
   2.8820000e+02  -4.1100000e+01
   2.8821667e+02  -4.1166667e+01
   2.8823333e+02  -4.1833333e+01
   2.8821667e+02  -4.1833333e+01
   2.8816667e+02  -4.2083333e+01
   2.8810000e+02  -4.1250000e+01
   2.8803333e+02  -4.2733333e+01
   2.8805000e+02  -4.2583333e+01
   2.8836667e+02  -4.1266667e+01
   2.8836667e+02  -4.1266667e+01
   2.8820000e+02  -4.1116667e+01
   2.8820000e+02  -4.1116667e+01
   2.8820000e+02  -4.1116667e+01
   2.8820000e+02  -4.1116667e+01
   2.8820000e+02  -4.1150000e+01
   2.8820000e+02  -4.1150000e+01
   2.8820000e+02  -4.1150000e+01
   2.8820000e+02  -4.1150000e+01
   2.8820000e+02  -4.1150000e+01
   2.8820000e+02  -4.1150000e+01
   2.8820000e+02  -4.1150000e+01
   2.9161667e+02  -5.4783333e+01
   1.4600000e+02  -4.1583333e+01
   1.4593333e+02  -4.1633333e+01
   1.4655000e+02  -4.2666667e+01
   1.4606667e+02  -4.2766667e+01
   1.4670000e+02  -4.1750000e+01
   1.4656667e+02  -4.2650000e+01
   1.4626667e+02  -4.2666667e+01
   1.4726667e+02  -4.3366667e+01
   1.4598333e+02  -4.2200000e+01
   1.4726667e+02  -4.3416667e+01
   1.4610000e+02  -4.2200000e+01
   1.4541667e+02  -4.1783333e+01
   1.4800000e+02  -4.1183333e+01
   1.4728333e+02  -4.3466667e+01
   1.4593333e+02  -4.1633333e+01
   1.4600000e+02  -4.2333333e+01
   1.4600000e+02  -4.2333333e+01
   1.4553333e+02  -4.1850000e+01
   1.1016667e+01   4.6850000e+01
   1.1016667e+01   4.6850000e+01
   1.3633333e+01   4.7033333e+01
   1.5300000e+01   4.7783333e+01
   1.1283333e+01   4.7133333e+01
   1.1283333e+01   4.7133333e+01
   1.6250000e+01   4.8116667e+01
   1.6250000e+01   4.8116667e+01
   1.6250000e+01   4.8116667e+01
   1.6250000e+01   4.8116667e+01
   2.2310000e+02   6.0666667e+01
   2.9161667e+02   5.8366667e+01
   2.9800000e+02   5.6550000e+01
   2.1928333e+02   6.1500000e+01
   2.2136667e+02   6.8633333e+01
   2.9675000e+02   5.5333333e+01
   2.9600000e+02   4.4816667e+01
   2.8180000e+02   4.5800000e+01
   2.8125000e+02   4.5166667e+01
   2.8811667e+02   4.6633333e+01
   2.9408333e+02   4.8583333e+01
   2.8008333e+02   4.7000000e+01
   2.6416667e+02   5.1616667e+01
   2.6361667e+02   5.3500000e+01
   2.6855000e+02   5.0400000e+01
   2.7095000e+02   5.0300000e+01
   2.7095000e+02   5.0300000e+01
   2.4086667e+02   6.2166667e+01
   2.4086667e+02   6.2166667e+01
   2.4386667e+02   6.2450000e+01
   2.4263333e+02   6.1166667e+01
   2.3928333e+02   6.1683333e+01
   3.0133333e+02   5.3483333e+01
   3.0133333e+02   5.3483333e+01
   2.4386667e+02   6.2450000e+01
   2.4903333e+02   6.2683333e+01
   2.8851667e+02   5.0033333e+01
   2.9183333e+02   5.0166667e+01
   2.9183333e+02   5.0166667e+01
   2.3928333e+02   6.1683333e+01
   2.4991667e+02   6.2166667e+01
   2.4836667e+02   6.2733333e+01
   2.6651667e+02   5.8666667e+01
   2.9228333e+02   5.6233333e+01
   2.9228333e+02   5.6233333e+01
   2.9288333e+02   5.5283333e+01
   2.9288333e+02   5.5283333e+01
   2.8215000e+02   5.2033333e+01
   2.8243333e+02   5.4583333e+01
   2.8243333e+02   5.4583333e+01
   2.7710000e+02   5.2016667e+01
   2.6651667e+02   5.8666667e+01
   2.5956667e+02   6.0033333e+01
   2.8385000e+02   5.5733333e+01
   2.8850000e+02   5.7216667e+01
   2.8850000e+02   5.7216667e+01
   2.4473333e+02   6.0283333e+01
   2.8555000e+02   5.0016667e+01
   2.8215000e+02   5.2033333e+01
   2.8385000e+02   5.5733333e+01
   2.5473333e+02   5.7700000e+01
   2.7266667e+02   5.3066667e+01
   2.8233333e+02   5.3233333e+01
   2.8233333e+02   5.3233333e+01
   2.2033333e+02   6.1666667e+01
   2.2283333e+02   6.0416667e+01
   2.2316667e+02   5.9916667e+01
   2.3008333e+02   5.9083333e+01
   2.3008333e+02   5.8333333e+01
   2.3116667e+02   6.0083333e+01
   2.3533333e+02   5.8666667e+01
   2.3716667e+02   5.8333333e+01
   2.2991667e+02   5.6916667e+01
   2.3275000e+02   5.4900000e+01
   2.3733333e+02   5.5500000e+01
   2.3750000e+02   5.4500000e+01
   2.3933333e+02   5.3333333e+01
   2.3875000e+02   5.1883333e+01
   2.4300000e+02   5.2250000e+01
   2.4378333e+02   5.1750000e+01
   2.4383333e+02   5.1166667e+01
   2.4485000e+02   5.0566667e+01
   2.2531667e+02   6.0100000e+01
   2.3833333e+02   5.0250000e+01
   2.4855000e+02   5.8783333e+01
   2.4900000e+02   5.8883333e+01
   2.4870000e+02   5.8866667e+01
   2.4875000e+02   5.8966667e+01
   2.4850000e+02   5.8983333e+01
   2.4850000e+02   5.8366667e+01
   2.8071667e+02   4.8466667e+01
   2.3693333e+02   4.9516667e+01
   2.3696667e+02   4.9533333e+01
   2.3696667e+02   4.9533333e+01
   2.3691667e+02   4.9416667e+01
   2.4325000e+02   4.9083333e+01
   2.3476667e+02   4.9150000e+01
   2.4283333e+02   4.9783333e+01
   2.6361667e+02   5.3500000e+01
   2.3330000e+02   6.5350000e+01
   2.3251667e+02   6.4966667e+01
   2.2371667e+02   6.6716667e+01
   2.3243333e+02   6.4983333e+01
   2.2168333e+02   6.4516667e+01
   2.8140000e+02   4.5416667e+01
   2.7980000e+02   4.6716667e+01
   2.4765000e+02   5.9983333e+01
   2.4783333e+02   5.9800000e+01
   2.4781667e+02   5.9116667e+01
   2.4780000e+02   5.9750000e+01
   2.4866667e+02   5.9583333e+01
   2.4533333e+02   5.1166667e+01
   2.4578333e+02   4.9583333e+01
   2.4580000e+02   4.9583333e+01
   2.2666667e+02   6.8266667e+01
   2.9000000e+02   4.8033333e+01
   2.5485000e+02   5.5116667e+01
   2.4010000e+02   5.0816667e+01
   2.4115000e+02   4.9866667e+01
   2.4115000e+02   4.9866667e+01
   2.4115000e+02   4.9866667e+01
   2.4408333e+02   6.7233333e+01
   2.3331667e+02   6.5333333e+01
   2.5613333e+02   6.4033333e+01
   2.3216667e+02   6.5000000e+01
   2.2166667e+02   6.5000000e+01
   2.6593333e+02   5.8716667e+01
   2.8345000e+02   5.6166667e+01
   2.4095000e+02   5.1033333e+01
   2.4095000e+02   5.1033333e+01
   2.6361667e+02   5.3500000e+01
   2.8216667e+02   5.5333333e+01
   2.4275000e+02   5.2250000e+01
   2.2666667e+02   6.8266667e+01
   2.3365000e+02   5.0216667e+01
   2.3365000e+02   5.0216667e+01
   2.6278333e+02   4.9866667e+01
   2.6280000e+02   4.9033333e+01
   2.6295000e+02   4.9983333e+01
   2.6290000e+02   4.9933333e+01
   2.6268333e+02   4.9066667e+01
   2.6283333e+02   4.9866667e+01
   2.6278333e+02   4.9533333e+01
   2.6280000e+02   4.9066667e+01
   2.6280000e+02   4.9550000e+01
   2.6285000e+02   4.9750000e+01
   2.6286667e+02   4.9750000e+01
   2.6280000e+02   4.9833333e+01
   2.5616667e+02   5.7850000e+01
   2.5616667e+02   5.7850000e+01
   2.5721667e+02   5.4933333e+01
   2.5531667e+02   5.5550000e+01
   2.5311667e+02   5.7550000e+01
   2.5241667e+02   5.6816667e+01
   2.5356667e+02   5.5700000e+01
   2.5450000e+02   5.7066667e+01
   2.5386667e+02   5.7416667e+01
   2.5526667e+02   5.5633333e+01
   2.5546667e+02   5.5216667e+01
   2.5680000e+02   5.6650000e+01
   2.5703333e+02   5.6500000e+01
   2.9840000e+02   5.7916667e+01
   2.9850000e+02   5.6916667e+01
   2.1928333e+02   6.1900000e+01
   2.4800000e+02   5.9000000e+01
   2.4855000e+02   5.8783333e+01
   2.4840000e+02   5.8900000e+01
   2.4870000e+02   5.8866667e+01
   2.4875000e+02   5.8966667e+01
   2.4850000e+02   5.8366667e+01
   2.4750000e+02   5.8500000e+01
   2.4870000e+02   5.8600000e+01
   2.4355000e+02   5.2000000e+01
   2.5366667e+02   5.3950000e+01
   2.5366667e+02   5.3950000e+01
   2.4248333e+02   5.1250000e+01
   2.4186667e+02   5.1166667e+01
   2.4291667e+02   5.0233333e+01
   2.4283333e+02   4.9733333e+01
   2.4270000e+02   4.9966667e+01
   2.4285000e+02   4.9433333e+01
   2.4210000e+02   4.9150000e+01
   2.4295000e+02   4.9033333e+01
   2.4143333e+02   5.0566667e+01
   2.4093333e+02   5.0366667e+01
   2.4163333e+02   4.9900000e+01
   2.4106667e+02   4.9733333e+01
   2.4076667e+02   4.9166667e+01
   2.4335000e+02   4.9616667e+01
   2.3828333e+02   5.0983333e+01
   2.3855000e+02   5.0700000e+01
   2.3941667e+02   5.0533333e+01
   2.3903333e+02   5.0200000e+01
   2.3890000e+02   4.9633333e+01
   2.3925000e+02   4.9100000e+01
   2.6600000e+02   5.0316667e+01
   2.6886667e+02   4.9116667e+01
   2.6610000e+02   4.9066667e+01
   2.6648333e+02   5.0066667e+01
   2.6875000e+02   4.8966667e+01
   2.6883333e+02   4.8716667e+01
   2.6830000e+02   4.8883333e+01
   2.6890000e+02   4.8666667e+01
   2.6625000e+02   4.9883333e+01
   2.6513333e+02   4.9683333e+01
   2.6925000e+02   4.8383333e+01
   2.6611667e+02   4.9683333e+01
   2.6611667e+02   5.0383333e+01
   2.6465000e+02   4.9200000e+01
   2.6690000e+02   5.0433333e+01
   2.6621667e+02   4.9700000e+01
   2.6878333e+02   4.9533333e+01
   2.6633333e+02   4.9683333e+01
   2.6878333e+02   4.8650000e+01
   2.6585000e+02   4.9183333e+01
   2.6585000e+02   4.9183333e+01
   2.6821667e+02   4.8933333e+01
   2.6891667e+02   4.8666667e+01
   2.8883333e+02   4.6833333e+01
   2.6620000e+02   5.8616667e+01
   2.6616667e+02   5.8616667e+01
   2.6616667e+02   5.8616667e+01
   2.6653333e+02   5.8533333e+01
   2.6653333e+02   5.8533333e+01
   2.6653333e+02   5.8533333e+01
   2.6678333e+02   5.7950000e+01
   2.6678333e+02   5.7950000e+01
   2.6696667e+02   5.7316667e+01
   2.6696667e+02   5.7316667e+01
   2.5485000e+02   5.3950000e+01
   2.4565000e+02   6.2566667e+01
   2.4565000e+02   6.2516667e+01
   2.4565000e+02   6.2500000e+01
   2.4563333e+02   6.2483333e+01
   2.4558333e+02   6.2483333e+01
   2.4558333e+02   6.2416667e+01
   2.4570000e+02   6.2466667e+01
   2.4586667e+02   6.2600000e+01
   2.4615000e+02   6.2550000e+01
   2.4613333e+02   6.2550000e+01
   2.4656667e+02   6.2500000e+01
   2.2245000e+02   6.0766667e+01
   2.2073333e+02   6.1466667e+01
   2.3000000e+02   5.7700000e+01
   2.3833333e+02   5.0250000e+01
   2.8930000e+02  -3.4916667e+01
   2.8896667e+02  -3.1966667e+01
   2.8865000e+02  -3.8333333e+01
   2.8975000e+02  -3.3783333e+01
   2.8843333e+02  -3.8383333e+01
   2.8683333e+02  -3.7683333e+01
   2.8840000e+02  -3.7350000e+01
   2.8850000e+02  -3.7350000e+01
   2.8696667e+02  -3.7833333e+01
   2.8925000e+02  -3.4783333e+01
   2.8648333e+02  -4.0133333e+01
   2.8616667e+02  -4.2500000e+01
   2.8750000e+02  -4.3000000e+01
   2.8750000e+02  -4.3000000e+01
   2.8616667e+02  -4.2500000e+01
   3.5161667e+02   5.4750000e+01
   3.5768333e+02   5.1366667e+01
   3.5210000e+02   5.2133333e+01
   3.5346667e+02   5.2833333e+01
   3.5516667e+02   5.4883333e+01
   3.5391667e+02   5.3133333e+01
   3.5045000e+02   5.2000000e+01
   3.5656667e+02   5.5266667e+01
   3.5133333e+02   5.2833333e+01
   3.5726667e+02   5.2350000e+01
   3.5878333e+02   5.2816667e+01
   3.5725000e+02   5.3933333e+01
   3.5641667e+02   5.7000000e+01
   3.5438333e+02   5.7500000e+01
   3.5668333e+02   5.6950000e+01
   3.5466667e+02   5.7516667e+01
   3.5831667e+02   5.0950000e+01
   3.5643333e+02   5.7016667e+01
   3.5666667e+02   5.6116667e+01
   3.5650000e+02   5.6983333e+01
   3.5508333e+02   5.7283333e+01
   3.5465000e+02   5.7533333e+01
   3.5376667e+02   5.5300000e+01
   3.5416667e+02   5.4466667e+01
   3.5850000e+02   5.3666667e+01
   3.5113333e+02   5.3133333e+01
   3.5256667e+02   5.4700000e+01
   3.5373333e+02   5.4733333e+01
   3.5315000e+02   5.4350000e+01
   3.5240000e+02   5.4333333e+01
   3.5433333e+02   5.7333333e+01
   3.5850000e+02   5.3366667e+01
   3.5908333e+02   5.4116667e+01
   3.5608333e+02   5.2933333e+01
   3.5888333e+02   5.1800000e+01
   3.5650000e+02   5.5333333e+01
   2.3383333e+01   4.1766667e+01
   3.2866667e+01   3.4933333e+01
   3.2866667e+01   3.4933333e+01
   3.2866667e+01   3.4933333e+01
   3.2900000e+01   3.4900000e+01
   3.2900000e+01   3.4900000e+01
   3.2683333e+01   3.4983333e+01
   3.2683333e+01   3.4983333e+01
   3.2683333e+01   3.4983333e+01
   3.2583333e+01   3.5083333e+01
   3.2883333e+01   3.4916667e+01
   3.2633333e+01   3.5016667e+01
   3.2900000e+01   3.4916667e+01
   3.2900000e+01   3.4916667e+01
   3.2866667e+01   3.4933333e+01
   3.2666667e+01   3.4983333e+01
   1.5550000e+01   5.0750000e+01
   1.5550000e+01   5.0750000e+01
   3.1300000e+01   6.2983333e+01
   3.1433333e+01   6.3016667e+01
   3.1300000e+01   6.2983333e+01
   3.1383333e+01   6.2933333e+01
   2.9883333e+01   6.3683333e+01
   3.0633333e+01   6.3100000e+01
   2.5483333e+01   6.2850000e+01
   2.7116667e+01   6.7000000e+01
   2.3883333e+01   6.0666667e+01
   2.3483333e+01   6.1833333e+01
   3.1166667e+01   6.2583333e+01
   2.5483333e+01   6.3100000e+01
   2.6516667e+01   6.4550000e+01
   2.7600000e+01   6.5616667e+01
   2.9433333e+01   6.6366667e+01
   2.7116667e+01   6.7000000e+01
   2.4100000e+01   6.8033333e+01
   2.7250000e+01   6.8833333e+01
   2.8000000e+01   6.8533333e+01
   2.8383333e+01   6.1600000e+01
   2.8900000e+01   6.1850000e+01
   2.8900000e+01   6.1850000e+01
   2.9000000e+01   6.1916667e+01
   2.9300000e+01   6.1800000e+01
   2.8983333e+01   6.1933333e+01
   2.8816667e+01   6.1866667e+01
   2.7200000e+01   6.8066667e+01
   2.9300000e+01   6.6366667e+01
   2.8483333e+01   6.8916667e+01
   2.8933333e+01   6.3283333e+01
   2.9633333e+01   6.3100000e+01
   2.6816667e+01   6.7216667e+01
   2.7016667e+01   6.7083333e+01
   2.5716667e+01   6.1933333e+01
   2.6016667e+01   6.1916667e+01
   2.7450000e+01   6.8133333e+01
   2.8066667e+01   6.8450000e+01
   2.5866667e+01   6.8666667e+01
   2.8133333e+01   6.9316667e+01
   2.6883333e+01   6.8866667e+01
   2.7250000e+01   6.7000000e+01
   2.4200000e+01   6.8000000e+01
   2.5150000e+01   6.6316667e+01
   2.5483333e+01   6.2850000e+01
   2.8766667e+01   6.1766667e+01
   2.9166667e+01   6.1666667e+01
   2.9083333e+01   6.1650000e+01
   2.9083333e+01   6.1666667e+01
   1.5000000e+00   4.7566667e+01
   3.6666667e-01   4.7233333e+01
   2.6833333e+00   4.8450000e+01
   1.8500000e+00   5.0833333e+01
   2.5666667e+00   4.9233333e+01
   5.0000000e+00   4.3350000e+01
   7.4500000e+00   4.4033333e+01
   6.6833333e+00   4.5216667e+01
   6.6833333e+00   4.5216667e+01
   6.6833333e+00   4.5216667e+01
   6.5666667e+00   4.4266667e+01
   6.5666667e+00   4.4266667e+01
   7.3333333e+00   4.3883333e+01
   7.3333333e+00   4.3883333e+01
   6.9166667e+00   4.5266667e+01
   6.1666667e-01   4.2766667e+01
   7.3333333e-01   4.2966667e+01
   2.3833333e+00   4.2450000e+01
   2.0500000e+00   4.2600000e+01
   2.0666667e+00   4.2600000e+01
   2.4000000e+00   4.2466667e+01
   3.5925000e+02   4.2983333e+01
   9.2000000e+00   4.2066667e+01
   7.3333333e+00   4.3866667e+01
   6.7833333e+00   4.4633333e+01
   6.8333333e+00   4.4633333e+01
   9.2000000e+00   4.2083333e+01
   6.0833333e+00   4.6633333e+01
   5.7333333e+00   4.3316667e+01
   5.5000000e+00   4.3400000e+01
   5.6166667e+00   4.4366667e+01
   5.7333333e+00   4.3316667e+01
   5.2500000e+00   4.4166667e+01
   5.2500000e+00   4.4166667e+01
   5.2500000e+00   4.4166667e+01
   4.5166667e+01   4.2000000e+01
   7.1333333e+00   5.1016667e+01
   7.1500000e+00   5.0916667e+01
   8.9000000e+00   5.2250000e+01
   9.2833333e+00   5.2183333e+01
   9.2000000e+00   5.2116667e+01
   9.2000000e+00   5.1916667e+01
   9.0333333e+00   5.2316667e+01
   9.0833333e+00   4.8566667e+01
   9.0833333e+00   4.8566667e+01
   1.0566667e+01   5.1716667e+01
   1.3133333e+01   4.9116667e+01
   1.2583333e+01   4.8916667e+01
   1.2133333e+01   4.8916667e+01
   1.1983333e+01   4.8966667e+01
   1.2550000e+01   4.9033333e+01
   1.2816667e+01   4.9050000e+01
   1.3100000e+01   4.9083333e+01
   1.3333333e+01   4.9100000e+01
   7.7000000e+00   4.7833333e+01
   7.7000000e+00   4.7833333e+01
   7.7500000e+00   4.7800000e+01
   7.7500000e+00   4.7800000e+01
   7.9833333e+00   4.7833333e+01
   8.3500000e+00   4.8033333e+01
   8.3500000e+00   4.8033333e+01
   8.0333333e+00   4.7850000e+01
   7.7833333e+00   4.7850000e+01
   7.7833333e+00   4.7850000e+01
   7.7500000e+00   4.7783333e+01
   7.7500000e+00   4.7783333e+01
   1.2383333e+01   4.9200000e+01
   1.2566667e+01   4.8983333e+01
   1.1933333e+01   4.8950000e+01
   1.0583333e+01   4.9483333e+01
   7.7666667e+00   4.7816667e+01
   7.1500000e+00   5.1016667e+01
   8.0000000e+00   5.3000000e+01
   2.1216667e+01   3.9800000e+01
   2.2333333e+01   3.7083333e+01
   2.1666667e+01   3.8716667e+01
   2.2283333e+01   3.7633333e+01
   2.2416667e+01   4.0083333e+01
   2.3583333e+01   4.0483333e+01
   2.0900000e+01   4.0300000e+01
   2.0900000e+01   4.0300000e+01
   2.2350000e+01   3.6916667e+01
   2.4883333e+01   4.1666667e+01
   2.4883333e+01   4.1666667e+01
   1.3816667e+01   4.1766667e+01
   1.3000000e+01   4.1333333e+01
   1.0716667e+01   4.4116667e+01
   1.2066667e+01   4.6533333e+01
   1.2066667e+01   4.6533333e+01
   1.1666667e+01   4.3866667e+01
   1.0700000e+01   4.4116667e+01
   1.5916667e+01   3.8166667e+01
   1.6200000e+01   3.9900000e+01
   1.3433333e+01   4.2683333e+01
   1.5050000e+01   3.7783333e+01
   1.0416667e+01   4.5883333e+01
   1.6233333e+01   3.9900000e+01
   1.4033333e+01   4.1783333e+01
   1.0800000e+01   4.4283333e+01
   9.2833333e+00   4.5566667e+01
   9.3166667e+00   4.4716667e+01
   9.1166667e+00   4.5183333e+01
   1.2100000e+01   4.6633333e+01
   1.2100000e+01   4.6633333e+01
   2.5950000e+01   5.5433333e+01
   2.1116667e+01   5.5550000e+01
   2.2666667e+01   5.5066667e+01
   2.3600000e+01   5.4750000e+01
   2.3600000e+01   5.4800000e+01
   2.3600000e+01   5.4800000e+01
   2.4466667e+01   5.5850000e+01
   2.5216667e+01   5.5666667e+01
   2.1150000e+01   5.6066667e+01
   2.2483333e+01   5.5066667e+01
   2.1083333e+01   5.5966667e+01
   2.6033333e+01   5.5433333e+01
   2.3433333e+01   5.4816667e+01
   2.3716667e+01   5.3933333e+01
   2.3500000e+01   5.4683333e+01
   2.2983333e+01   5.4400000e+01
   2.3866667e+01   5.4566667e+01
   2.3450000e+01   5.4400000e+01
   2.2816667e+01   5.5833333e+01
   2.4483333e+01   5.5100000e+01
   6.1833333e+00   5.1283333e+01
   6.1666667e+00   5.1916667e+01
   6.1666667e+00   5.1916667e+01
   6.1666667e+00   5.1916667e+01
   6.0500000e+00   5.1216667e+01
   5.9333333e+00   5.1250000e+01
   4.3166667e+00   5.1450000e+01
   4.3166667e+00   5.1450000e+01
   4.3166667e+00   5.1450000e+01
   5.8333333e+00   5.2250000e+01
   5.6166667e+00   5.2266667e+01
   5.2500000e+00   5.1583333e+01
   5.9166667e+00   5.2233333e+01
   1.6033333e+01   6.8483333e+01
   1.0883333e+01   6.3950000e+01
   1.7733333e+01   6.8483333e+01
   2.0583333e+01   6.9250000e+01
   1.5450000e+01   6.7066667e+01
   8.9833333e+00   6.1416667e+01
   2.5633333e+01   6.9416667e+01
   1.8733333e+01   6.9533333e+01
   1.7216667e+01   6.9083333e+01
   1.5733333e+01   6.8800000e+01
   1.5333333e+01   6.7600000e+01
   1.5733333e+01   6.7616667e+01
   1.1066667e+01   6.0366667e+01
   9.4833333e+00   5.9700000e+01
   8.4666667e+00   6.1716667e+01
   1.8550000e+01   5.4300000e+01
   1.6000000e+01   5.3500000e+01
   2.2383333e+01   5.4350000e+01
   2.3650000e+01   5.2700000e+01
   2.3050000e+01   5.0650000e+01
   1.6150000e+01   5.4100000e+01
   2.0366667e+01   5.0050000e+01
   1.6800000e+01   5.2266667e+01
   2.3016667e+01   5.4083333e+01
   1.8550000e+01   5.3083333e+01
   2.0983333e+01   5.2300000e+01
   1.4500000e+01   5.3950000e+01
   1.7166667e+01   5.1250000e+01
   1.5566667e+01   5.1866667e+01
   1.9916667e+01   4.9250000e+01
   1.7466667e+01   5.1350000e+01
   2.3666667e+01   4.5300000e+01
   2.5466667e+01   4.7450000e+01
   2.4666667e+01   4.5550000e+01
   1.4316667e+01   4.5950000e+01
   1.4283333e+01   4.5766667e+01
   3.5988333e+02   4.2666667e+01
   3.5596667e+02   4.0800000e+01
   1.5000000e+00   4.2533333e+01
   3.5943333e+02   4.2683333e+01
   3.5933333e+02   4.0383333e+01
   3.5730000e+02   4.2033333e+01
   3.5491667e+02   3.6666667e+01
   3.5786667e+02   4.0866667e+01
   3.5786667e+02   4.0350000e+01
   3.5786667e+02   4.0300000e+01
   3.5791667e+02   4.0183333e+01
   3.5590000e+02   4.0866667e+01
   3.5988333e+02   4.0016667e+01
   3.5988333e+02   4.1016667e+01
   3.5988333e+02   4.1016667e+01
   3.5521667e+02   4.0483333e+01
   3.5521667e+02   4.0433333e+01
   3.5506667e+02   4.0433333e+01
   3.5600000e+02   4.0783333e+01
   3.5966667e+02   4.0666667e+01
   3.5580000e+02   4.0866667e+01
   3.5866667e+02   4.0300000e+01
   3.5855000e+02   4.0283333e+01
   3.5921667e+02   4.2833333e+01
   3.5706667e+02   3.7950000e+01
   3.5705000e+02   3.7816667e+01
   3.5706667e+02   3.7833333e+01
   3.5706667e+02   3.7966667e+01
   3.5810000e+02   4.0150000e+01
   3.5810000e+02   4.0433333e+01
   3.5483333e+02   4.0333333e+01
   3.5486667e+02   4.0333333e+01
   3.5595000e+02   4.0816667e+01
   3.5601667e+02   4.0800000e+01
   3.5620000e+02   4.0783333e+01
   3.5605000e+02   4.0800000e+01
   3.5931667e+02   4.0300000e+01
   3.5930000e+02   4.0283333e+01
   3.5951667e+02   4.0566667e+01
   3.5951667e+02   4.0633333e+01
   3.5930000e+02   4.2800000e+01
   3.5806667e+02   4.0250000e+01
   3.5806667e+02   4.0266667e+01
   3.5713333e+02   4.1983333e+01
   3.5710000e+02   4.2016667e+01
   3.5696667e+02   4.2033333e+01
   3.5715000e+02   4.2000000e+01
   7.8333333e-01   4.2733333e+01
   3.5683333e+02   4.2833333e+01
   1.5000000e+00   4.2500000e+01
   2.0366667e+01   6.6850000e+01
   2.0366667e+01   6.6850000e+01
   1.8450000e+01   6.6333333e+01
   1.4800000e+01   6.2816667e+01
   1.9416667e+01   6.7866667e+01
   1.4066667e+01   5.6150000e+01
   1.9466667e+01   6.5166667e+01
   1.8983333e+01   6.3350000e+01
   1.4333333e+01   6.2066667e+01
   1.3983333e+01   6.2500000e+01
   1.3183333e+01   6.3416667e+01
   1.2400000e+01   5.9466667e+01
   1.7983333e+01   6.6066667e+01
   2.2150000e+01   6.8483333e+01
   1.9666667e+01   6.8233333e+01
   1.9666667e+01   6.8233333e+01
   1.5000000e+01   5.6500000e+01
   1.8700000e+01   5.9200000e+01
   1.4733333e+01   6.0450000e+01
   2.0133333e+01   6.6783333e+01
   1.5033333e+01   5.8950000e+01
   1.8300000e+01   5.9283333e+01
   1.4900000e+01   5.7900000e+01
   1.6633333e+01   5.8900000e+01
   1.8700000e+01   5.9200000e+01
   1.4733333e+01   6.0450000e+01
   1.6550000e+01   5.6766667e+01
   1.4633333e+01   5.7850000e+01
   1.7916667e+01   5.9133333e+01
   1.6083333e+01   6.0133333e+01
   1.9000000e+01   6.4533333e+01
   1.2500000e+01   6.3250000e+01
   2.1766667e+01   6.7633333e+01
   1.8000000e+01   5.9150000e+01
   1.4650000e+01   5.7850000e+01
   1.2416667e+01   6.3250000e+01
   1.6083333e+01   6.0133333e+01
   1.8483333e+01   6.2333333e+01
   1.6533333e+01   6.3983333e+01
   1.3333333e+01   6.3116667e+01
   1.3966667e+01   6.4450000e+01
   1.8266667e+01   5.9183333e+01
   1.8800000e+01   6.8333333e+01
   8.0666667e+00   4.6600000e+01
   8.4833333e+00   4.7050000e+01
   8.4833333e+00   4.7033333e+01
   7.0833333e+00   4.7116667e+01
   9.6833333e+00   4.6800000e+01
   8.0166667e+00   4.6400000e+01
   7.3166667e+00   4.6416667e+01
   7.6166667e+00   4.6300000e+01
   7.6166667e+00   4.6300000e+01
   7.6166667e+00   4.6300000e+01
   7.6333333e+00   4.6333333e+01
   7.6333333e+00   4.6333333e+01
   7.6333333e+00   4.6333333e+01
   7.6333333e+00   4.6333333e+01
   7.6333333e+00   4.6333333e+01
   7.8333333e+00   4.6300000e+01
   7.8333333e+00   4.6300000e+01
   7.8333333e+00   4.6283333e+01
   7.8333333e+00   4.6283333e+01
   7.7833333e+00   4.6333333e+01
   7.7833333e+00   4.6333333e+01
   7.2166667e+00   4.7316667e+01
   7.5333333e+00   4.7250000e+01
   7.1833333e+00   4.6116667e+01
   7.1833333e+00   4.6116667e+01
   7.1666667e+00   4.6133333e+01
   7.1833333e+00   4.6133333e+01
   7.1666667e+00   4.6133333e+01
   7.1833333e+00   4.6133333e+01
   7.1833333e+00   4.6116667e+01
   7.1833333e+00   4.6133333e+01
   8.0333333e+00   4.6366667e+01
   8.0166667e+00   4.6400000e+01
   7.8333333e+00   4.7250000e+01
   7.8333333e+00   4.7250000e+01
   7.8333333e+00   4.7250000e+01
   7.8000000e+00   4.7150000e+01
   7.8000000e+00   4.7150000e+01
   7.4000000e+00   4.7033333e+01
   7.4000000e+00   4.7033333e+01
   7.4000000e+00   4.7033333e+01
   7.3500000e+00   4.6983333e+01
   7.1833333e+00   4.6116667e+01
   7.1833333e+00   4.6133333e+01
   7.6833333e+00   4.6866667e+01
   7.6833333e+00   4.6866667e+01
   7.2166667e+00   4.7316667e+01
   7.5333333e+00   4.7250000e+01
   7.4000000e+00   4.6516667e+01
   7.4333333e+00   4.6400000e+01
   7.4333333e+00   4.6400000e+01
   7.4333333e+00   4.6400000e+01
   5.9333333e+00   4.6266667e+01
   8.8666667e+00   4.6433333e+01
   7.7666667e+00   4.6700000e+01
   9.0833333e+00   4.6733333e+01
   8.0333333e+00   4.6600000e+01
   8.0166667e+00   4.6650000e+01
   7.8166667e+00   4.6433333e+01
   7.5666667e+00   4.7000000e+01
   9.8166667e+00   4.6766667e+01
   9.0500000e+00   4.6783333e+01
   9.8833333e+00   4.6783333e+01
   9.4000000e+00   4.6583333e+01
   8.8500000e+00   4.6983333e+01
   9.7833333e+00   4.6633333e+01
   9.7833333e+00   4.6633333e+01
   7.5666667e+00   4.6300000e+01
   9.0666667e+00   4.7033333e+01
   8.8166667e+00   4.6550000e+01
   8.8166667e+00   4.6550000e+01
   9.2000000e+00   4.6616667e+01
   9.2000000e+00   4.6616667e+01
   3.1383333e+01   3.9933333e+01
   2.9916667e+01   3.6666667e+01
   2.9916667e+01   3.6666667e+01
   2.9000000e+01   4.1000000e+01
   3.2300000e+01   4.1200000e+01
   4.2583333e+01   4.0333333e+01
   2.7133333e+01   3.9800000e+01
   2.8383333e+01   3.7233333e+01
   3.1800000e+01   3.8033333e+01
   3.0283333e+01   3.7416667e+01
   3.0300000e+01   3.7416667e+01
   3.0633333e+01   3.7400000e+01
   3.0016667e+01   3.6600000e+01
   3.0016667e+01   3.6600000e+01
   3.0516667e+01   3.7083333e+01
   3.0600000e+01   3.7383333e+01
   3.2200000e+01   3.6650000e+01
   3.2183333e+01   3.6650000e+01
   4.1983333e+01   4.0550000e+01
   3.2516667e+01   3.6450000e+01
   3.2516667e+01   3.6450000e+01
   2.8550000e+01   3.9916667e+01
   3.2616667e+01   4.1200000e+01
   2.8933333e+01   3.9283333e+01
   3.5433333e+01   3.7633333e+01
   3.0466667e+01   3.7033333e+01
   3.3000000e+01   4.1500000e+01
   3.4500000e+01   3.7000000e+01
   3.0516667e+01   3.7083333e+01
   2.9083333e+01   3.9333333e+01
   2.8850000e+01   3.9266667e+01
   2.8783333e+01   3.9233333e+01
   3.4550000e+01   3.7266667e+01
   3.4550000e+01   3.7266667e+01
   3.4466667e+01   3.7200000e+01
   1.3750000e+01   4.6466667e+01
   1.5000000e+01   4.4833333e+01
   1.7583333e+01   4.4300000e+01
   1.8633333e+01   4.3750000e+01
   1.9933333e+01   4.2633333e+01
   2.1183333e+01   4.1016667e+01
   2.7408333e+02   3.0450000e+01
   2.7706667e+02   3.0333333e+01
   2.7738333e+02   2.9916667e+01
   2.7810000e+02   2.9166667e+01
   2.7705000e+02   2.9733333e+01
   2.7706667e+02   2.9733333e+01
   2.7728333e+02   2.9016667e+01
   2.7773333e+02   2.8916667e+01
   2.7791667e+02   2.8300000e+01
   2.4450000e+02   3.1166667e+01
   2.5318333e+02   2.9516667e+01
   2.5738333e+02   2.8933333e+01
   2.4406667e+02   3.1900000e+01
   2.4450000e+02   3.0966667e+01
   2.5638333e+02   1.9583333e+01
   2.5391667e+02   2.6400000e+01
   2.5391667e+02   2.6400000e+01
   2.5993333e+02   2.4833333e+01
   2.5238333e+02   2.7700000e+01
   2.6153333e+02   2.0400000e+01
   2.5425000e+02   2.3750000e+01
   2.5200000e+02   2.8333333e+01
   2.6310000e+02   1.6600000e+01
   2.5951667e+02   2.5266667e+01
   2.5160000e+02   3.0400000e+01
   2.5095000e+02   2.8333333e+01
   2.6030000e+02   2.0166667e+01
   2.6076667e+02   2.3100000e+01
   2.6085000e+02   2.3150000e+01
   2.6021667e+02   2.1683333e+01
   2.6211667e+02   1.9533333e+01
   2.6310000e+02   1.6600000e+01
   2.5370000e+02   2.5066667e+01
   2.6336667e+02   1.7166667e+01
   2.6268333e+02   1.9166667e+01
   2.6338333e+02   1.7183333e+01
   1.0020000e+02   5.0766667e+01
   1.0700000e+02   4.7766667e+01
   9.8933333e+01   4.8300000e+01
   1.0745000e+02   4.7900000e+01
   1.1055000e+02   4.8566667e+01
   1.0750000e+02   4.7783333e+01
   9.1550000e+01   4.9700000e+01
   9.4883333e+01   4.9366667e+01
   9.1566667e+01   4.9916667e+01
   1.0003333e+02   4.7266667e+01
   1.0028333e+02   4.8150000e+01
   1.0323333e+02   4.8983333e+01
   9.7116667e+01   4.8766667e+01
   1.0083333e+02   4.9483333e+01
   9.9866667e+01   4.8166667e+01
   8.3750000e+01   2.8416667e+01
   8.6083333e+01   2.7750000e+01
   8.2050000e+01   2.9283333e+01
   8.7183333e+01   2.7433333e+01
   8.3400000e+01   2.8450000e+01
   8.4183333e+01   2.8300000e+01
   8.5250000e+01   2.7400000e+01
   8.4100000e+01   2.8483333e+01
   8.6283333e+01   2.7433333e+01
   8.6283333e+01   2.7433333e+01
   8.7166667e+01   2.7450000e+01
   8.7166667e+01   2.7450000e+01
   8.6416667e+01   2.7166667e+01
   8.6166667e+01   2.7416667e+01
   8.3416667e+01   2.8233333e+01
   8.3416667e+01   2.8233333e+01
   8.6200000e+01   2.7433333e+01
   8.6200000e+01   2.7433333e+01
   8.2066667e+01   2.9283333e+01
   8.2050000e+01   2.9300000e+01
   8.7950000e+01   2.7633333e+01
   8.6050000e+01   2.7450000e+01
   8.2016667e+01   2.9300000e+01
   8.2016667e+01   2.9300000e+01
   8.2016667e+01   2.9316667e+01
   8.7133333e+01   2.7383333e+01
   8.7900000e+01   2.7483333e+01
   8.6000000e+01   2.7500000e+01
   8.5266667e+01   2.8116667e+01
   8.7166667e+01   2.7466667e+01
   8.4150000e+01   2.8350000e+01
   8.7116667e+01   2.7400000e+01
   8.5150000e+01   2.7450000e+01
   8.7100000e+01   2.7416667e+01
   8.7116667e+01   2.7433333e+01
   8.2050000e+01   2.9350000e+01
   8.5066667e+01   2.8033333e+01
   8.5066667e+01   2.8033333e+01
   8.1500000e+01   2.9050000e+01
   8.6350000e+01   2.7350000e+01
   8.7883333e+01   2.7500000e+01
   1.7425000e+02  -3.6116667e+01
   1.7053333e+02  -4.5833333e+01
   1.7408333e+02  -3.9250000e+01
   1.7180000e+02  -4.2383333e+01
   1.7180000e+02  -4.2383333e+01
   1.7513333e+02  -3.7066667e+01
   1.7720000e+02  -3.8700000e+01
   1.7548333e+02  -3.9350000e+01
   1.7548333e+02  -3.9350000e+01
   1.7410000e+02  -3.9283333e+01
   1.7366667e+02  -4.1116667e+01
   1.6945000e+02  -4.6383333e+01
   1.7156667e+02  -4.2900000e+01
   1.7600000e+02  -4.0083333e+01
   1.7720000e+02  -3.8683333e+01
   1.7570000e+02  -3.8566667e+01
   1.7553333e+02  -3.7033333e+01
   1.7355000e+02  -3.5683333e+01
   1.7168333e+02  -4.3050000e+01
   1.7160000e+02  -4.3050000e+01
   1.7170000e+02  -4.3083333e+01
   1.7170000e+02  -4.3083333e+01
   1.7170000e+02  -4.3083333e+01
   1.7170000e+02  -4.3083333e+01
   1.7171667e+02  -4.3050000e+01
   1.6768333e+02  -4.5300000e+01
   1.6765000e+02  -4.5283333e+01
   1.6800000e+02  -4.4766667e+01
   1.7171667e+02  -4.3083333e+01
   1.6978333e+02  -4.3866667e+01
   1.7160000e+02  -4.3133333e+01
   1.7161667e+02  -4.3100000e+01
   1.7098333e+02  -4.3083333e+01
   1.7171667e+02  -4.3116667e+01
   1.7165000e+02  -4.3133333e+01
   1.7170000e+02  -4.3083333e+01
   1.7173333e+02  -4.3100000e+01
   1.7170000e+02  -4.3133333e+01
   1.7168333e+02  -4.3100000e+01
   1.7175000e+02  -4.3250000e+01
   1.7170000e+02  -4.3083333e+01
   1.6748333e+02  -4.5250000e+01
   1.7163333e+02  -4.3050000e+01
   1.6768333e+02  -4.5300000e+01
   1.7180000e+02  -4.3150000e+01
   1.7158333e+02  -4.3083333e+01
   1.6765000e+02  -4.5200000e+01
   1.7096667e+02  -4.3083333e+01
   1.7563333e+02  -3.8650000e+01
   1.7566667e+02  -3.8650000e+01
   1.7560000e+02  -3.8700000e+01
   1.7180000e+02  -4.2383333e+01
   1.7408333e+02  -3.9250000e+01
   1.7410000e+02  -3.9283333e+01
   1.7598333e+02  -4.0066667e+01
   1.7720000e+02  -3.8683333e+01
   1.7610000e+02  -3.9633333e+01
   1.7260000e+02  -4.1266667e+01
   1.7573333e+02  -3.9533333e+01
   1.7293333e+02  -4.0933333e+01
   1.7611667e+02  -3.9616667e+01
   1.7618333e+02  -3.9633333e+01
   1.7211667e+02  -4.2316667e+01
   1.7543333e+02  -3.9233333e+01
   1.7543333e+02  -3.9233333e+01
   1.7543333e+02  -3.9233333e+01
   1.7128333e+02  -4.3066667e+01
   1.7600000e+02  -4.0083333e+01
   1.7551667e+02  -4.0666667e+01
   1.7375000e+02  -3.5183333e+01
   1.7373333e+02  -3.5266667e+01
   1.7328333e+02  -3.5366667e+01
   1.7453333e+02  -3.6883333e+01
   1.7450000e+02  -3.6816667e+01
   1.7456667e+02  -3.6966667e+01
   1.7491667e+02  -3.7916667e+01
   1.7555000e+02  -3.6900000e+01
   1.7503333e+02  -3.7216667e+01
   1.7586667e+02  -3.7600000e+01
   1.7513333e+02  -3.7066667e+01
   5.8833333e+01   5.4500000e+01
   1.5880000e+02   5.5900000e+01
   1.6016667e+02   5.5816667e+01
   3.0800000e+01   6.6266667e+01
   1.0516667e+02   7.2500000e+01
   1.0500000e+02   5.3600000e+01
   6.5633333e+01   6.6866667e+01
   6.5633333e+01   6.6866667e+01
   8.2333333e+01   6.6666667e+01
   1.0425000e+02   7.0600000e+01
   1.1911667e+02   6.9783333e+01
   8.0183333e+01   6.8250000e+01
   8.8916667e+01   6.7966667e+01
   8.9500000e+01   7.0516667e+01
   8.8916667e+01   6.7966667e+01
   9.0500000e+01   6.9583333e+01
   7.1666667e+01   6.6133333e+01
   7.7683333e+01   6.6083333e+01
   6.9283333e+01   6.6816667e+01
   6.9833333e+01   6.7200000e+01
   4.2500000e+01   6.4916667e+01
   7.2650000e+01   6.5500000e+01
   1.0351667e+02   7.0266667e+01
   4.2500000e+01   6.4916667e+01
   5.0633333e+01   6.5600000e+01
   5.0633333e+01   6.5600000e+01
   5.6333333e+01   6.6216667e+01
   4.3550000e+01   6.3433333e+01
   4.3550000e+01   6.3433333e+01
   4.3550000e+01   6.3433333e+01
   5.6333333e+01   6.6216667e+01
   5.3566667e+01   6.4250000e+01
   1.1225000e+02   6.8600000e+01
   4.4416667e+01   6.2166667e+01
   1.2233333e+02   6.6516667e+01
   4.4416667e+01   6.2166667e+01
   4.4416667e+01   6.2166667e+01
   1.4261667e+02   6.7450000e+01
   1.2580000e+02   6.3383333e+01
   5.1950000e+01   6.6883333e+01
   1.3775000e+02   6.2466667e+01
   5.1950000e+01   6.6883333e+01
   1.2533333e+02   6.9283333e+01
   4.2500000e+01   6.4916667e+01
   5.3566667e+01   6.4250000e+01
   5.3566667e+01   6.4250000e+01
   1.4316667e+02   6.8416667e+01
   5.6333333e+01   6.6216667e+01
   1.1281667e+02   6.9766667e+01
   1.3775000e+02   6.2466667e+01
   1.1281667e+02   6.9766667e+01
   1.5171667e+02   6.3516667e+01
   8.2333333e+01   6.6666667e+01
   5.1383333e+01   6.0700000e+01
   4.1116667e+01   6.5333333e+01
   5.1383333e+01   6.0700000e+01
   5.1383333e+01   6.0700000e+01
   1.1103333e+02   7.1900000e+01
   1.1858333e+02   7.1700000e+01
   8.4500000e+01   6.9116667e+01
   1.0175000e+02   7.2450000e+01
   3.0900000e+01   6.1366667e+01
   7.7683333e+01   6.6083333e+01
   3.2316667e+01   6.3383333e+01
   7.2866667e+01   6.5383333e+01
   1.3656667e+02   6.1150000e+01
   1.3656667e+02   6.1150000e+01
   1.4758333e+02   6.8450000e+01
   1.6541667e+02   6.6216667e+01
   1.5493333e+02   6.5100000e+01
   1.4311667e+02   6.4533333e+01
   1.4943333e+02   6.5150000e+01
   7.6766667e+01   6.7466667e+01
   3.2800000e+01   6.8766667e+01
   9.7533333e+01   6.9533333e+01
   5.8800000e+01   6.2600000e+01
   3.2800000e+01   6.8766667e+01
   6.9516667e+01   6.5350000e+01
   4.2500000e+01   6.4916667e+01
   5.9550000e+01   6.0566667e+01
   6.9683333e+01   6.5300000e+01
   7.1666667e+01   6.6216667e+01
   1.5370000e+02   6.7250000e+01
   1.3293333e+02   6.4933333e+01
   5.7116667e+01   6.0383333e+01
   1.4135000e+02   6.3616667e+01
   1.3816667e+02   7.0250000e+01
   1.6305000e+02   6.8800000e+01
   1.3378333e+02   6.3650000e+01
   1.3378333e+02   6.3650000e+01
   1.3083333e+02   6.7833333e+01
   1.4828333e+02   6.3583333e+01
   1.2935000e+02   6.2216667e+01
   1.3746667e+02   6.7616667e+01
   1.3298333e+02   7.0950000e+01
   2.9583333e+01   6.0266667e+01
   5.7116667e+01   6.0383333e+01
   5.7116667e+01   6.0383333e+01
   5.8883333e+01   5.4883333e+01
   5.0633333e+01   6.5600000e+01
   5.9333333e+01   6.1266667e+01
   3.1033333e+01   6.4533333e+01
   7.7683333e+01   6.6083333e+01
   6.0583333e+01   6.5450000e+01
   9.3833333e+01   7.1333333e+01
   3.0250000e+01   6.6983333e+01
   1.6766667e+02   6.7466667e+01
   8.5366667e+01   5.0150000e+01
   1.2743333e+02   7.1216667e+01
   8.5633333e+01   5.1000000e+01
   8.5233333e+01   5.0866667e+01
   8.9583333e+01   5.4233333e+01
   1.5476667e+02   6.9283333e+01
   8.7683333e+01   5.0500000e+01
   1.5195000e+02   6.1283333e+01
   8.7583333e+01   5.0416667e+01
   8.5233333e+01   5.0866667e+01
   8.7650000e+01   5.0483333e+01
   1.5396667e+02   6.1166667e+01
   8.5366667e+01   5.0150000e+01
   8.4983333e+01   5.0650000e+01
   1.5995000e+02   6.3666667e+01
   1.4805000e+02   7.0283333e+01
   1.5995000e+02   6.3666667e+01
   1.5396667e+02   6.1166667e+01
   1.3725000e+02   6.5800000e+01
   1.3725000e+02   6.5800000e+01
   1.5503333e+02   6.2133333e+01
   1.5458333e+02   6.2133333e+01
   1.5411667e+02   6.0350000e+01
   7.6433333e+01   4.1666667e+01
   7.5150000e+01   4.1600000e+01
   1.5400000e+02   5.9783333e+01
   1.5400000e+02   5.9783333e+01
   7.6383333e+01   6.2933333e+01
   7.8183333e+01   4.2183333e+01
   1.1466667e+02   5.6333333e+01
   7.6316667e+01   6.3066667e+01
   1.1911667e+02   6.9783333e+01
   7.8183333e+01   4.2183333e+01
   1.0425000e+02   7.0600000e+01
   1.0688333e+02   5.3183333e+01
   1.1725000e+02   5.6500000e+01
   1.0950000e+02   5.5250000e+01
   1.1883333e+02   5.6833333e+01
   9.3400000e+01   6.1850000e+01
   9.5150000e+01   6.1933333e+01
   7.5333333e+01   6.3133333e+01
   1.6900000e+02   6.4833333e+01
   6.4650000e+01   6.5316667e+01
   3.0200000e+01   6.4950000e+01
   3.1666667e+01   6.8650000e+01
   3.2333333e+01   6.4766667e+01
   1.4393333e+02   7.0433333e+01
   1.4645000e+02   7.0050000e+01
   1.5025000e+02   6.9450000e+01
   1.4700000e+02   6.9500000e+01
   3.5283333e+01   6.8416667e+01
   1.2586667e+02   7.0666667e+01
   3.6216667e+01   3.5600000e+01
   3.6200000e+01   3.5566667e+01
   3.6016667e+01   3.5783333e+01
   1.1008333e+02   3.4483333e+01
   9.8500000e+01   3.7000000e+01
   9.8000000e+01   3.6000000e+01
   7.5916667e+01   3.4250000e+01
   7.4300000e+01   3.5083333e+01
   7.4333333e+01   3.5083333e+01
   7.5750000e+01   3.4500000e+01
   7.5533333e+01   3.4583333e+01
   7.5466667e+01   3.4650000e+01
   7.5700000e+01   3.4033333e+01
   7.5700000e+01   3.4033333e+01
   7.7800000e+01   3.0750000e+01
   7.7433333e+01   3.0833333e+01
   7.7166667e+01   3.1116667e+01
   7.7166667e+01   3.2266667e+01
   7.7233333e+01   3.1200000e+01
   7.7233333e+01   3.1200000e+01
   7.7233333e+01   3.1200000e+01
   7.7266667e+01   3.1183333e+01
   7.7266667e+01   3.1183333e+01
   7.8416667e+01   3.0750000e+01
   7.8750000e+01   3.0616667e+01
   7.9166667e+01   2.9766667e+01
   1.1183333e+02  -7.2500000e+00
   1.4255000e+02   4.3766667e+01
   3.5500000e+01   3.0633333e+01
   1.2846667e+02   3.8133333e+01
   3.5683333e+01   3.3683333e+01
   3.6233333e+01   3.4466667e+01
   3.5983333e+01   3.4300000e+01
   3.6033333e+01   3.4233333e+01
   3.5816667e+01   3.4133333e+01
   3.5683333e+01   3.3666667e+01
   2.1225000e+02   6.0433333e+01
   2.1041667e+02   6.3666667e+01
   2.1041667e+02   6.1333333e+01
   2.1050000e+02   6.0500000e+01
   2.1608333e+02   6.2833333e+01
   2.1266667e+02   6.1833333e+01
   2.1475000e+02   6.1333333e+01
   2.1866667e+02   6.2833333e+01
   2.1183333e+02   6.4833333e+01
   2.0730000e+02   5.8050000e+01
   2.1103333e+02   6.0083333e+01
   2.1041667e+02   6.0200000e+01
   2.0885000e+02   5.9616667e+01
   2.0858333e+02   5.9683333e+01
   2.2066667e+02   5.9166667e+01
   2.1433333e+02   6.0600000e+01
   2.1831667e+02   6.0000000e+01
   2.1603333e+02   6.0250000e+01
   2.0916667e+02   5.9366667e+01
   2.1116667e+02   6.0066667e+01
   2.1155000e+02   6.0750000e+01
   2.0941667e+02   6.0083333e+01
   2.1083333e+02   6.0816667e+01
   2.1141667e+02   6.0833333e+01
   2.1053333e+02   6.0116667e+01
   2.1110000e+02   6.0366667e+01
   1.9770000e+02   6.7933333e+01
   2.0595000e+02   6.7450000e+01
   2.1628333e+02   6.8633333e+01
   1.9630000e+02   6.4816667e+01
   2.1221667e+02   6.3250000e+01
   2.1466667e+02   6.5500000e+01
   2.1466667e+02   6.5500000e+01
   1.9633333e+02   6.4916667e+01
   2.1208333e+02   6.3266667e+01
   2.1338333e+02   6.5366667e+01
   2.1338333e+02   6.5366667e+01
   2.1406667e+02   6.5366667e+01
   2.1406667e+02   6.5366667e+01
   2.1133333e+02   6.3900000e+01
   2.1133333e+02   6.3900000e+01
   2.0038333e+02   6.7066667e+01
   2.1890000e+02   6.8100000e+01
   2.0991667e+02   6.7116667e+01
   2.0991667e+02   6.7150000e+01
   2.1086667e+02   6.7150000e+01
   2.1086667e+02   6.7150000e+01
   2.0793333e+02   6.7133333e+01
   2.1686667e+02   6.8083333e+01
   2.1000000e+02   6.3100000e+01
   2.1186667e+02   6.3083333e+01
   2.1100000e+02   6.3116667e+01
   1.9780000e+02   6.5183333e+01
   1.9778333e+02   6.5183333e+01
   1.9781667e+02   6.5116667e+01
   1.9775000e+02   6.5216667e+01
   1.9781667e+02   6.5083333e+01
   1.9773333e+02   6.5200000e+01
   1.9785000e+02   6.5100000e+01
   1.9785000e+02   6.5083333e+01
   1.9780000e+02   6.5200000e+01
   1.9778333e+02   6.5216667e+01
   1.9778333e+02   6.5216667e+01
   1.9781667e+02   6.5083333e+01
   1.9776667e+02   6.5066667e+01
   1.9778333e+02   6.5183333e+01
   2.1731667e+02   6.1366667e+01
   2.1695000e+02   6.2366667e+01
   2.1791667e+02   6.1150000e+01
   2.1671667e+02   6.2550000e+01
   2.1728333e+02   6.1333333e+01
   2.0995000e+02   6.7350000e+01
   2.1031667e+02   6.8033333e+01
   2.0566667e+02   6.0483333e+01
   2.0611667e+02   6.0500000e+01
   2.0608333e+02   6.0966667e+01
   2.0598333e+02   6.0650000e+01
   2.1460000e+02   6.0633333e+01
   2.1290000e+02   6.1050000e+01
   2.2080000e+02   5.9616667e+01
   2.1301667e+02   6.1050000e+01
   2.1166667e+02   6.0450000e+01
   2.1301667e+02   6.1050000e+01
   2.0771667e+02   5.7616667e+01
   2.2598333e+02   5.8466667e+01
   2.0766667e+02   5.7633333e+01
   2.1463333e+02   6.2283333e+01
   2.1080000e+02   6.1950000e+01
   2.0768333e+02   5.7600000e+01
   2.2030000e+02   5.9516667e+01
   2.2686667e+02   5.5483333e+01
   2.2030000e+02   5.9516667e+01
   2.1533333e+02   6.1666667e+01
   2.1453333e+02   6.0516667e+01
   2.2423333e+02   5.9350000e+01
   2.2510000e+02   5.8666667e+01
   2.2598333e+02   5.8466667e+01
   2.1683333e+02   6.3233333e+01
   2.2601667e+02   5.8433333e+01
   2.2461667e+02   5.7133333e+01
   2.2063333e+02   5.9600000e+01
   2.2063333e+02   5.9600000e+01
   2.7255000e+02   3.4333333e+01
   2.7275000e+02   3.1016667e+01
   2.6693333e+02   3.5650000e+01
   2.6555000e+02   3.4716667e+01
   2.6893333e+02   3.4083333e+01
   2.6560000e+02   3.6083333e+01
   2.6706667e+02   3.4800000e+01
   2.6650000e+02   3.4516667e+01
   2.6603333e+02   3.4366667e+01
   2.6818333e+02   3.8166667e+01
   2.6613333e+02   3.3683333e+01
   2.6825000e+02   3.4633333e+01
   2.6905000e+02   3.5850000e+01
   2.6878333e+02   3.4950000e+01
   2.6870000e+02   3.5150000e+01
   2.6750000e+02   3.4833333e+01
   2.6875000e+02   3.5550000e+01
   2.6766667e+02   3.3766667e+01
   2.6955000e+02   3.5633333e+01
   2.6670000e+02   3.6083333e+01
   2.6668333e+02   3.6066667e+01
   2.6681667e+02   3.6066667e+01
   2.6585000e+02   3.6100000e+01
   2.6780000e+02   3.6300000e+01
   2.6713333e+02   3.5933333e+01
   2.6775000e+02   3.6066667e+01
   2.6583333e+02   3.4250000e+01
   2.6636667e+02   3.4633333e+01
   2.6675000e+02   3.6066667e+01
   2.6763333e+02   3.6200000e+01
   2.6671667e+02   3.2550000e+01
   2.6600000e+02   3.5833333e+01
   2.6628333e+02   3.4616667e+01
   2.6670000e+02   3.5683333e+01
   2.4950000e+02   3.6666667e+01
   2.4938333e+02   3.4066667e+01
   2.4933333e+02   3.4050000e+01
   2.4935000e+02   3.4050000e+01
   2.5065000e+02   3.6100000e+01
   2.5063333e+02   3.6083333e+01
   2.5061667e+02   3.6100000e+01
   2.4950000e+02   3.6166667e+01
   2.4926667e+02   3.6833333e+01
   2.4846667e+02   3.5383333e+01
   2.4843333e+02   3.5400000e+01
   2.5018333e+02   3.4250000e+01
   2.5066667e+02   3.5666667e+01
   2.4835000e+02   3.5566667e+01
   2.4816667e+02   3.5500000e+01
   2.5005000e+02   3.4500000e+01
   2.4831667e+02   3.5433333e+01
   2.4890000e+02   3.4750000e+01
   2.4946667e+02   3.6683333e+01
   2.4626667e+02   3.6750000e+01
   2.5086667e+02   3.3950000e+01
   2.4793333e+02   3.5816667e+01
   2.4700000e+02   3.5000000e+01
   2.4776667e+02   3.6733333e+01
   2.4790000e+02   3.6633333e+01
   2.4610000e+02   3.5083333e+01
   2.5063333e+02   3.5700000e+01
   2.4691667e+02   3.5950000e+01
   2.4795000e+02   3.6833333e+01
   2.4800000e+02   3.6416667e+01
   2.4843333e+02   3.4883333e+01
   2.4833333e+02   3.5500000e+01
   2.5013333e+02   3.2700000e+01
   2.5011667e+02   3.2700000e+01
   2.5076667e+02   3.3700000e+01
   2.5068333e+02   3.3800000e+01
   2.4926667e+02   3.2416667e+01
   2.4945000e+02   3.2200000e+01
   2.4818333e+02   3.4883333e+01
   2.5051667e+02   3.3466667e+01
   2.4931667e+02   3.2383333e+01
   2.4931667e+02   3.2383333e+01
   2.4825000e+02   3.5266667e+01
   2.4958333e+02   3.4383333e+01
   2.4938333e+02   3.4066667e+01
   2.4945000e+02   3.2216667e+01
   2.4945000e+02   3.2216667e+01
   2.4913333e+02   3.1700000e+01
   2.4923333e+02   3.4316667e+01
   2.5018333e+02   3.2650000e+01
   2.4945000e+02   3.2216667e+01
   2.4945000e+02   3.2216667e+01
   2.4945000e+02   3.2216667e+01
   2.4945000e+02   3.2216667e+01
   2.4860000e+02   3.3900000e+01
   2.5073333e+02   3.1933333e+01
   2.4828333e+02   3.5316667e+01
   2.5011667e+02   3.2683333e+01
   2.5066667e+02   3.2000000e+01
   2.4850000e+02   3.4716667e+01
   2.4846667e+02   3.5383333e+01
   2.5066667e+02   3.2000000e+01
   2.5063333e+02   3.3416667e+01
   2.5006667e+02   3.4250000e+01
   2.4816667e+02   3.5500000e+01
   2.4916667e+02   3.1716667e+01
   2.4945000e+02   3.2200000e+01
   2.4945000e+02   3.2200000e+01
   2.4848333e+02   3.5166667e+01
   2.4848333e+02   3.5166667e+01
   2.5006667e+02   3.2700000e+01
   2.5008333e+02   3.2700000e+01
   2.5070000e+02   3.1850000e+01
   2.5070000e+02   3.1850000e+01
   2.4980000e+02   3.5433333e+01
   2.5045000e+02   3.3966667e+01
   2.4921667e+02   3.2450000e+01
   2.4965000e+02   3.1450000e+01
   2.4921667e+02   3.2450000e+01
   2.5008333e+02   3.2700000e+01
   2.5008333e+02   3.2716667e+01
   2.4811667e+02   3.6133333e+01
   2.4798333e+02   3.6850000e+01
   2.4318333e+02   3.4116667e+01
   2.3975000e+02   3.9566667e+01
   2.3930000e+02   4.1616667e+01
   2.3940000e+02   4.0150000e+01
   2.3940000e+02   4.0150000e+01
   2.3733333e+02   3.9500000e+01
   2.3925000e+02   4.1766667e+01
   2.3965000e+02   3.9316667e+01
   2.4025000e+02   3.7750000e+01
   2.3995000e+02   3.8133333e+01
   2.3731667e+02   3.9433333e+01
   2.3703333e+02   3.9666667e+01
   2.3705000e+02   3.9600000e+01
   2.4091667e+02   3.7283333e+01
   2.4171667e+02   3.5433333e+01
   2.4033333e+02   3.8750000e+01
   2.4111667e+02   3.6716667e+01
   2.4156667e+02   3.5533333e+01
   2.3820000e+02   4.1716667e+01
   2.4245000e+02   3.3733333e+01
   2.4181667e+02   3.6033333e+01
   2.3925000e+02   4.1716667e+01
   2.3943333e+02   4.1150000e+01
   2.3748333e+02   4.1333333e+01
   2.3796667e+02   4.1166667e+01
   2.3883333e+02   4.1500000e+01
   2.3988333e+02   4.1183333e+01
   2.3908333e+02   4.0216667e+01
   2.4163333e+02   3.6766667e+01
   2.4140000e+02   3.6450000e+01
   2.4178333e+02   3.6450000e+01
   2.4165000e+02   3.6766667e+01
   2.4138333e+02   3.6450000e+01
   2.4178333e+02   3.7500000e+01
   2.4178333e+02   3.7366667e+01
   2.4183333e+02   3.7433333e+01
   2.4271667e+02   3.4266667e+01
   2.4266667e+02   3.4266667e+01
   2.4270000e+02   3.4216667e+01
   2.4325000e+02   3.3983333e+01
   2.4310000e+02   3.4016667e+01
   2.4303333e+02   3.4050000e+01
   2.4298333e+02   3.4100000e+01
   2.4301667e+02   3.4116667e+01
   2.4288333e+02   3.4166667e+01
   2.4290000e+02   3.4166667e+01
   2.4293333e+02   3.4166667e+01
   2.4295000e+02   3.4166667e+01
   2.4298333e+02   3.4150000e+01
   2.4303333e+02   3.4166667e+01
   2.4278333e+02   3.4216667e+01
   2.4273333e+02   3.4216667e+01
   2.4303333e+02   3.4100000e+01
   2.4326667e+02   3.4166667e+01
   2.4325000e+02   3.3966667e+01
   2.3713333e+02   4.0033333e+01
   2.4153333e+02   3.7166667e+01
   2.3848333e+02   4.0450000e+01
   2.3633333e+02   4.0750000e+01
   2.3973333e+02   3.9100000e+01
   2.4075000e+02   3.7800000e+01
   2.4125000e+02   3.6566667e+01
   2.4120000e+02   3.6616667e+01
   2.4120000e+02   3.6616667e+01
   2.4120000e+02   3.6566667e+01
   2.4121667e+02   3.6566667e+01
   2.4058333e+02   3.7833333e+01
   2.4121667e+02   3.6566667e+01
   2.4120000e+02   3.6566667e+01
   2.4120000e+02   3.6566667e+01
   2.4125000e+02   3.6566667e+01
   2.4045000e+02   3.7816667e+01
   2.4023333e+02   3.7766667e+01
   2.4023333e+02   3.7766667e+01
   2.4023333e+02   3.7766667e+01
   2.4023333e+02   3.7766667e+01
   2.4013333e+02   3.7800000e+01
   2.4013333e+02   3.7800000e+01
   2.4013333e+02   3.7800000e+01
   2.4076667e+02   3.7850000e+01
   2.4125000e+02   3.6550000e+01
   2.4015000e+02   3.7750000e+01
   2.4023333e+02   3.7750000e+01
   2.4125000e+02   3.6566667e+01
   2.4118333e+02   3.6550000e+01
   2.4125000e+02   3.6566667e+01
   2.4125000e+02   3.6566667e+01
   2.4118333e+02   3.6550000e+01
   2.4026667e+02   3.7783333e+01
   2.4026667e+02   3.7783333e+01
   2.4020000e+02   3.7766667e+01
   2.4041667e+02   3.7833333e+01
   2.4041667e+02   3.7833333e+01
   2.4033333e+02   3.7550000e+01
   2.4130000e+02   3.6600000e+01
   2.4130000e+02   3.6600000e+01
   2.4130000e+02   3.6600000e+01
   2.3843333e+02   3.6066667e+01
   2.4275000e+02   3.2916667e+01
   2.4340000e+02   3.3133333e+01
   2.4058333e+02   3.7833333e+01
   2.4076667e+02   3.7916667e+01
   2.4071667e+02   3.7916667e+01
   2.4071667e+02   3.7866667e+01
   2.4078333e+02   3.7833333e+01
   2.4033333e+02   3.7716667e+01
   2.3720000e+02   3.8016667e+01
   2.4320000e+02   3.4116667e+01
   2.4358333e+02   3.2866667e+01
   2.4315000e+02   3.3350000e+01
   2.4063333e+02   3.4650000e+01
   2.4245000e+02   3.3733333e+01
   2.3973333e+02   3.5300000e+01
   2.3718333e+02   3.9016667e+01
   2.3958333e+02   3.7716667e+01
   2.3693333e+02   3.9816667e+01
   2.3856667e+02   3.9516667e+01
   2.3815000e+02   4.0266667e+01
   2.3890000e+02   3.8766667e+01
   2.4133333e+02   3.5516667e+01
   2.3805000e+02   3.7866667e+01
   2.3805000e+02   3.7866667e+01
   2.3900000e+02   3.7050000e+01
   2.3881667e+02   3.6466667e+01
   2.4033333e+02   3.7033333e+01
   2.3940000e+02   4.0150000e+01
   2.3910000e+02   4.1450000e+01
   2.4000000e+02   3.8700000e+01
   2.3945000e+02   3.9516667e+01
   2.3980000e+02   3.9550000e+01
   2.4131667e+02   3.7750000e+01
   2.4145000e+02   3.6450000e+01
   2.4163333e+02   3.6616667e+01
   2.4138333e+02   3.6966667e+01
   2.4061667e+02   3.8083333e+01
   2.4108333e+02   3.6950000e+01
   2.4063333e+02   3.7866667e+01
   2.4063333e+02   3.7883333e+01
   2.4063333e+02   3.7866667e+01
   2.3821667e+02   3.7666667e+01
   2.3911667e+02   3.6816667e+01
   2.3913333e+02   3.6566667e+01
   2.3996667e+02   4.0883333e+01
   2.3726667e+02   3.9350000e+01
   2.3725000e+02   4.0466667e+01
   2.4121667e+02   3.6483333e+01
   2.3736667e+02   4.0416667e+01
   2.4133333e+02   3.5916667e+01
   2.3795000e+02   4.0150000e+01
   2.3938333e+02   3.8000000e+01
   2.4000000e+02   3.4733333e+01
   2.3808333e+02   3.6650000e+01
   2.3823333e+02   3.6200000e+01
   2.4110000e+02   3.6916667e+01
   2.4060000e+02   3.4916667e+01
   2.3738333e+02   3.9816667e+01
   2.3956667e+02   3.5700000e+01
   2.3755000e+02   3.8666667e+01
   2.4025000e+02   3.7150000e+01
   2.4001667e+02   3.7866667e+01
   2.4180000e+02   3.7516667e+01
   2.4181667e+02   3.7516667e+01
   2.4183333e+02   3.7516667e+01
   2.4183333e+02   3.7383333e+01
   2.5145000e+02   3.7583333e+01
   2.5145000e+02   3.7583333e+01
   2.5148333e+02   3.7166667e+01
   2.5441667e+02   4.0066667e+01
   2.5151667e+02   3.7183333e+01
   2.5441667e+02   4.0033333e+01
   2.5441667e+02   4.0050000e+01
   2.5441667e+02   3.9633333e+01
   2.5391667e+02   3.9316667e+01
   2.5501667e+02   3.8766667e+01
   2.5436667e+02   3.8100000e+01
   2.5453333e+02   4.0416667e+01
   2.5458333e+02   4.0216667e+01
   2.5486667e+02   3.9366667e+01
   2.5486667e+02   3.8066667e+01
   2.5471667e+02   3.8300000e+01
   2.5505000e+02   3.8950000e+01
   2.5441667e+02   4.0366667e+01
   2.5473333e+02   3.9933333e+01
   2.5473333e+02   3.9933333e+01
   2.5503333e+02   3.8766667e+01
   2.5436667e+02   4.0400000e+01
   2.5480000e+02   4.0533333e+01
   2.5486667e+02   4.0533333e+01
   2.5480000e+02   3.9683333e+01
   2.5486667e+02   3.9450000e+01
   2.5486667e+02   3.9450000e+01
   2.5471667e+02   4.0166667e+01
   2.5420000e+02   4.0416667e+01
   2.5426667e+02   4.0100000e+01
   2.5445000e+02   4.0050000e+01
   2.5416667e+02   4.0333333e+01
   2.5433333e+02   4.0400000e+01
   2.5513333e+02   3.8600000e+01
   2.5433333e+02   4.0366667e+01
   2.5475000e+02   4.0366667e+01
   2.5456667e+02   4.0050000e+01
   2.5228333e+02   3.7900000e+01
   2.5496667e+02   3.9333333e+01
   2.5241667e+02   3.8666667e+01
   2.5450000e+02   3.7783333e+01
   2.5453333e+02   3.7716667e+01
   2.5318333e+02   3.7783333e+01
   2.5363333e+02   3.8100000e+01
   2.5371667e+02   3.7383333e+01
   2.5331667e+02   3.7633333e+01
   2.5188333e+02   3.7383333e+01
   2.5458333e+02   3.7550000e+01
   2.5443333e+02   4.0416667e+01
   2.5578333e+02   3.9500000e+01
   2.5580000e+02   3.9383333e+01
   2.5556667e+02   3.9066667e+01
   2.5646667e+02   3.7500000e+01
   2.5675000e+02   3.7233333e+01
   2.5638333e+02   3.7100000e+01
   2.5673333e+02   3.7066667e+01
   2.5445000e+02   4.0316667e+01
   2.5463333e+02   4.0000000e+01
   2.5445000e+02   4.0050000e+01
   2.5445000e+02   3.9950000e+01
   2.5463333e+02   4.0000000e+01
   2.5348333e+02   3.9950000e+01
   2.5185000e+02   3.9000000e+01
   2.5315000e+02   4.0750000e+01
   2.5165000e+02   3.8666667e+01
   2.5301667e+02   3.9716667e+01
   2.5326667e+02   3.9700000e+01
   2.5413333e+02   3.9866667e+01
   2.5406667e+02   3.9883333e+01
   2.5370000e+02   3.7466667e+01
   2.5320000e+02   3.8733333e+01
   2.5448333e+02   4.0666667e+01
   2.5433333e+02   4.0983333e+01
   2.5471667e+02   4.0416667e+01
   2.5300000e+02   3.8083333e+01
   2.5333333e+02   3.8250000e+01
   2.5180000e+02   3.9833333e+01
   2.5470000e+02   3.9933333e+01
   2.5410000e+02   3.9600000e+01
   2.5441667e+02   4.0366667e+01
   2.5120000e+02   3.9600000e+01
   2.5166667e+02   3.8250000e+01
   2.5483333e+02   3.9383333e+01
   2.5456667e+02   3.8866667e+01
   2.5473333e+02   3.9933333e+01
   2.5376667e+02   3.9850000e+01
   2.5241667e+02   3.8600000e+01
   2.5386667e+02   4.0066667e+01
   2.5458333e+02   4.0133333e+01
   2.5480000e+02   3.9683333e+01
   2.5398333e+02   3.8850000e+01
   2.5141667e+02   3.7583333e+01
   2.5473333e+02   3.9550000e+01
   2.5198333e+02   3.8383333e+01
   2.5366667e+02   4.0916667e+01
   2.5481667e+02   4.0800000e+01
   2.5170000e+02   4.0050000e+01
   2.5103333e+02   4.0783333e+01
   2.5376667e+02   3.8800000e+01
   2.5376667e+02   3.8800000e+01
   2.5448333e+02   4.0016667e+01
   2.5278333e+02   3.8533333e+01
   2.5211667e+02   3.9666667e+01
   2.5441667e+02   4.0716667e+01
   2.5280000e+02   3.8316667e+01
   2.5356667e+02   3.8400000e+01
   2.5335000e+02   3.7666667e+01
   2.5108333e+02   3.8016667e+01
   2.5268333e+02   3.8533333e+01
   2.5473333e+02   3.8333333e+01
   2.5143333e+02   3.8833333e+01
   2.5393333e+02   4.0033333e+01
   2.5176667e+02   3.9016667e+01
   2.5485000e+02   3.7900000e+01
   2.5416667e+02   4.0550000e+01
   2.5416667e+02   4.0550000e+01
   2.5416667e+02   4.0550000e+01
   2.8678333e+02   4.1950000e+01
   2.8678333e+02   4.1966667e+01
   2.7668333e+02   3.3950000e+01
   2.7820000e+02   3.1616667e+01
   2.7878333e+02   3.2350000e+01
   2.7670000e+02   3.2050000e+01
   2.7551667e+02   3.1216667e+01
   2.7551667e+02   3.1216667e+01
   2.7551667e+02   3.1216667e+01
   2.7768333e+02   3.1933333e+01
   2.6843333e+02   4.2616667e+01
   2.6625000e+02   4.0616667e+01
   2.6803333e+02   4.0716667e+01
   2.6863333e+02   4.0833333e+01
   2.6850000e+02   4.1900000e+01
   2.6926667e+02   4.1650000e+01
   2.6888333e+02   4.2616667e+01
   2.6810000e+02   4.3400000e+01
   2.6843333e+02   4.2616667e+01
   2.6843333e+02   4.2616667e+01
   2.6408333e+02   4.1883333e+01
   2.6458333e+02   4.3000000e+01
   2.6631667e+02   4.1683333e+01
   2.6630000e+02   4.1716667e+01
   2.6611667e+02   4.2000000e+01
   2.6593333e+02   4.1283333e+01
   2.6641667e+02   4.1283333e+01
   2.6590000e+02   4.2416667e+01
   2.6591667e+02   4.2383333e+01
   2.6875000e+02   4.3183333e+01
   2.6886667e+02   4.2633333e+01
   2.6886667e+02   4.2700000e+01
   2.6353333e+02   4.2550000e+01
   2.4353333e+02   4.7633333e+01
   2.4410000e+02   4.7533333e+01
   2.4336667e+02   4.6950000e+01
   2.4320000e+02   4.2516667e+01
   2.4391667e+02   4.4433333e+01
   2.4528333e+02   4.3866667e+01
   2.4555000e+02   4.4600000e+01
   2.4503333e+02   4.3966667e+01
   2.4503333e+02   4.3966667e+01
   2.4545000e+02   4.4133333e+01
   2.4550000e+02   4.4616667e+01
   2.4575000e+02   4.4416667e+01
   2.7141667e+02   4.1650000e+01
   2.7141667e+02   4.1650000e+01
   2.7036667e+02   3.7900000e+01
   2.7100000e+02   4.1300000e+01
   2.7200000e+02   4.1216667e+01
   2.7015000e+02   3.9966667e+01
   2.7183333e+02   3.9416667e+01
   2.7225000e+02   4.0133333e+01
   2.7101667e+02   3.7533333e+01
   2.7080000e+02   3.7600000e+01
   2.7095000e+02   3.7266667e+01
   2.7330000e+02   4.1050000e+01
   2.6523333e+02   3.8400000e+01
   2.6405000e+02   3.7783333e+01
   2.6405000e+02   3.7583333e+01
   2.6423333e+02   3.7266667e+01
   2.6403333e+02   3.7500000e+01
   2.6341667e+02   3.8483333e+01
   2.7700000e+02   3.7083333e+01
   2.7390000e+02   3.7183333e+01
   2.7191667e+02   3.6800000e+01
   2.6703333e+02   3.2250000e+01
   2.8701667e+02   4.2633333e+01
   2.8703333e+02   4.2616667e+01
   2.8720000e+02   4.2166667e+01
   2.8276667e+02   3.8983333e+01
   2.8995000e+02   4.4466667e+01
   2.8968333e+02   4.5033333e+01
   2.8923333e+02   4.4766667e+01
   2.9115000e+02   4.6066667e+01
   2.9110000e+02   4.5916667e+01
   2.9185000e+02   4.4416667e+01
   2.9185000e+02   4.4416667e+01
   2.9171667e+02   4.5500000e+01
   2.9175000e+02   4.5316667e+01
   2.9100000e+02   4.6233333e+01
   2.9083333e+02   4.6766667e+01
   2.9066667e+02   4.6000000e+01
   2.9183333e+02   4.4583333e+01
   2.9138333e+02   4.5233333e+01
   2.9060000e+02   4.4666667e+01
   2.9141667e+02   4.5733333e+01
   2.9173333e+02   4.4366667e+01
   2.9171667e+02   4.4416667e+01
   2.8955000e+02   4.5166667e+01
   2.8995000e+02   4.4466667e+01
   2.7525000e+02   4.4666667e+01
   2.7338333e+02   4.6316667e+01
   2.7658333e+02   4.2666667e+01
   2.7070000e+02   4.6200000e+01
   2.7003333e+02   4.6716667e+01
   2.7003333e+02   4.6716667e+01
   2.7513333e+02   4.6466667e+01
   2.7125000e+02   4.6700000e+01
   2.7210000e+02   4.6866667e+01
   2.6910000e+02   4.8216667e+01
   2.6910000e+02   4.8216667e+01
   2.6910000e+02   4.8216667e+01
   2.6476667e+02   4.7183333e+01
   2.6475000e+02   4.7200000e+01
   2.6475000e+02   4.7200000e+01
   2.6548333e+02   4.7350000e+01
   2.6591667e+02   4.7766667e+01
   2.6803333e+02   4.8083333e+01
   2.6430000e+02   4.8316667e+01
   2.6478333e+02   4.7216667e+01
   2.6643333e+02   4.5000000e+01
   2.6476667e+02   4.7183333e+01
   2.6908333e+02   4.8116667e+01
   2.6561667e+02   4.7266667e+01
   2.6591667e+02   4.7766667e+01
   2.6591667e+02   4.7766667e+01
   2.6838333e+02   4.7283333e+01
   2.6910000e+02   4.8233333e+01
   2.6910000e+02   4.8233333e+01
   2.6873333e+02   3.7266667e+01
   2.6850000e+02   3.7116667e+01
   2.6850000e+02   3.7116667e+01
   2.6950000e+02   3.7500000e+01
   2.6950000e+02   3.7500000e+01
   2.6950000e+02   3.7500000e+01
   2.6980000e+02   3.7716667e+01
   2.6980000e+02   3.7716667e+01
   2.6928333e+02   3.8600000e+01
   2.6850000e+02   3.8650000e+01
   2.6618333e+02   3.6600000e+01
   2.6788333e+02   3.8500000e+01
   2.6800000e+02   3.7666667e+01
   2.6725000e+02   3.7966667e+01
   2.6666667e+02   3.8033333e+01
   2.6718333e+02   3.6683333e+01
   2.6618333e+02   3.6600000e+01
   2.6951667e+02   3.6566667e+01
   2.6750000e+02   3.7166667e+01
   2.6811667e+02   3.2500000e+01
   2.6880000e+02   3.7116667e+01
   2.6835000e+02   3.7433333e+01
   2.6895000e+02   3.7100000e+01
   2.6846667e+02   3.7100000e+01
   2.6873333e+02   3.7250000e+01
   2.6891667e+02   3.7150000e+01
   2.6443333e+02   4.0483333e+01
   2.6641667e+02   4.0083333e+01
   2.6880000e+02   3.7133333e+01
   2.6851667e+02   3.7116667e+01
   2.7086667e+02   3.2866667e+01
   2.7198333e+02   3.0583333e+01
   2.4928333e+02   4.5000000e+01
   2.4873333e+02   4.5416667e+01
   2.4483333e+02   4.7000000e+01
   2.4605000e+02   4.5700000e+01
   2.4623333e+02   4.6233333e+01
   2.4746667e+02   4.5750000e+01
   2.5048333e+02   4.5166667e+01
   2.4866667e+02   4.5300000e+01
   2.4866667e+02   4.5300000e+01
   2.4868333e+02   4.5300000e+01
   2.4868333e+02   4.5300000e+01
   2.4868333e+02   4.5300000e+01
   2.4685000e+02   4.6283333e+01
   2.4635000e+02   4.8716667e+01
   2.7766667e+02   3.5733333e+01
   2.7656667e+02   3.5600000e+01
   2.7818333e+02   3.6066667e+01
   2.7603333e+02   3.5216667e+01
   2.7681667e+02   3.5083333e+01
   2.7681667e+02   3.5083333e+01
   2.7806667e+02   3.5883333e+01
   2.8178333e+02   3.4316667e+01
   2.8338333e+02   3.6450000e+01
   2.7608333e+02   3.5350000e+01
   2.7608333e+02   3.5350000e+01
   2.7658333e+02   3.5600000e+01
   2.8131667e+02   3.5816667e+01
   2.7606667e+02   3.5283333e+01
   2.5653333e+02   4.6600000e+01
   2.5898333e+02   4.7150000e+01
   2.6233333e+02   4.8833333e+01
   2.5708333e+02   4.7416667e+01
   2.5965000e+02   4.8983333e+01
   2.5651667e+02   4.6916667e+01
   2.5628333e+02   4.1650000e+01
   2.6000000e+02   4.2816667e+01
   2.5913333e+02   4.2700000e+01
   2.6028333e+02   4.2666667e+01
   2.5606667e+02   4.1516667e+01
   2.5675000e+02   4.2633333e+01
   2.8861667e+02   4.4100000e+01
   2.8860000e+02   4.4216667e+01
   2.8861667e+02   4.4100000e+01
   2.8873333e+02   4.4283333e+01
   2.8816667e+02   4.3800000e+01
   2.8543333e+02   4.0500000e+01
   2.8543333e+02   4.0500000e+01
   2.5345000e+02   3.2350000e+01
   2.5218333e+02   3.7000000e+01
   2.5218333e+02   3.7000000e+01
   2.5218333e+02   3.7000000e+01
   2.5268333e+02   3.6683333e+01
   2.5186667e+02   3.5600000e+01
   2.5348333e+02   3.6350000e+01
   2.5231667e+02   3.5233333e+01
   2.5231667e+02   3.5233333e+01
   2.5148333e+02   3.5400000e+01
   2.5148333e+02   3.5400000e+01
   2.5146667e+02   3.5433333e+01
   2.5165000e+02   3.5033333e+01
   2.5165000e+02   3.5033333e+01
   2.5216667e+02   3.4916667e+01
   2.5136667e+02   3.4216667e+01
   2.5368333e+02   3.4766667e+01
   2.5368333e+02   3.4766667e+01
   2.5426667e+02   3.5450000e+01
   2.5443333e+02   3.5533333e+01
   2.5443333e+02   3.5533333e+01
   2.5336667e+02   3.5700000e+01
   2.5698333e+02   3.6816667e+01
   2.5238333e+02   3.3783333e+01
   2.5361667e+02   3.5083333e+01
   2.5275000e+02   3.5583333e+01
   2.5275000e+02   3.5583333e+01
   2.5236667e+02   3.5900000e+01
   2.5268333e+02   3.6683333e+01
   2.5150000e+02   3.3250000e+01
   2.5150000e+02   3.3250000e+01
   2.5421667e+02   3.4233333e+01
   2.5421667e+02   3.4233333e+01
   2.5435000e+02   3.5083333e+01
   2.5198333e+02   3.2933333e+01
   2.5426667e+02   3.6116667e+01
   2.5371667e+02   3.5783333e+01
   2.5293333e+02   3.6983333e+01
   2.5120000e+02   3.5966667e+01
   2.5120000e+02   3.5966667e+01
   2.5268333e+02   3.6683333e+01
   2.5333333e+02   3.3550000e+01
   2.5325000e+02   3.3250000e+01
   2.5453333e+02   3.6733333e+01
   2.5453333e+02   3.6733333e+01
   2.5333333e+02   3.5883333e+01
   2.5463333e+02   3.6333333e+01
   2.5458333e+02   3.6300000e+01
   2.5363333e+02   3.2716667e+01
   2.5448333e+02   3.6116667e+01
   2.5338333e+02   3.5800000e+01
   2.5338333e+02   3.5783333e+01
   2.5440000e+02   3.6150000e+01
   2.5343333e+02   3.5816667e+01
   2.5456667e+02   3.6700000e+01
   2.5453333e+02   3.6733333e+01
   2.5346667e+02   3.3050000e+01
   2.5365000e+02   3.2700000e+01
   2.5380000e+02   3.6666667e+01
   2.5138333e+02   3.4216667e+01
   2.5176667e+02   3.3383333e+01
   2.5176667e+02   3.3383333e+01
   2.5173333e+02   3.3216667e+01
   2.5198333e+02   3.2950000e+01
   2.5450000e+02   3.6583333e+01
   2.5433333e+02   3.3333333e+01
   2.5250000e+02   3.5250000e+01
   2.5190000e+02   3.4966667e+01
   2.5410000e+02   3.2800000e+01
   2.5601667e+02   3.6800000e+01
   2.5605000e+02   3.6766667e+01
   2.5605000e+02   3.6766667e+01
   2.5565000e+02   3.6066667e+01
   2.5606667e+02   3.6783333e+01
   2.5420000e+02   3.2800000e+01
   2.5181667e+02   3.4966667e+01
   2.4588333e+02   3.9266667e+01
   2.4535000e+02   3.9416667e+01
   2.4525000e+02   3.9333333e+01
   2.4446667e+02   4.0150000e+01
   2.4538333e+02   3.9816667e+01
   2.4420000e+02   3.9100000e+01
   2.4578333e+02   4.0400000e+01
   2.4276667e+02   3.8683333e+01
   2.4541667e+02   4.1050000e+01
   2.4581667e+02   3.7766667e+01
   2.4321667e+02   3.9183333e+01
   2.4156667e+02   4.1300000e+01
   2.4458333e+02   4.1900000e+01
   2.4483333e+02   3.6666667e+01
   2.4508333e+02   3.9383333e+01
   2.4541667e+02   3.9416667e+01
   2.4528333e+02   3.9366667e+01
   2.4430000e+02   3.6266667e+01
   2.4305000e+02   3.8783333e+01
   2.4446667e+02   4.0233333e+01
   2.4568333e+02   3.8900000e+01
   2.4518333e+02   4.0550000e+01
   2.4456667e+02   3.9083333e+01
   2.4576667e+02   3.8933333e+01
   2.4430000e+02   3.6316667e+01
   2.4156667e+02   4.1300000e+01
   2.4166667e+02   3.7866667e+01
   2.4568333e+02   3.8916667e+01
   2.4446667e+02   4.0233333e+01
   2.8621667e+02   4.4133333e+01
   2.8591667e+02   4.1416667e+01
   2.8581667e+02   4.1766667e+01
   2.8581667e+02   4.1766667e+01
   2.8581667e+02   4.1766667e+01
   2.8620000e+02   4.3550000e+01
   2.8625000e+02   4.4133333e+01
   2.8625000e+02   4.4133333e+01
   2.8583333e+02   4.1766667e+01
   2.8581667e+02   4.1766667e+01
   2.8610000e+02   4.4333333e+01
   2.8611667e+02   4.4333333e+01
   2.7825000e+02   4.0883333e+01
   2.7873333e+02   4.1550000e+01
   2.7560000e+02   3.9900000e+01
   2.7785000e+02   3.9450000e+01
   2.7785000e+02   3.9450000e+01
   2.7900000e+02   3.9983333e+01
   2.6296667e+02   3.4450000e+01
   2.6526667e+02   3.6683333e+01
   2.6361667e+02   3.6700000e+01
   2.6378333e+02   3.6200000e+01
   2.6145000e+02   3.5850000e+01
   2.6161667e+02   3.5583333e+01
   2.6436667e+02   3.5100000e+01
   2.6535000e+02   3.4300000e+01
   2.6301667e+02   3.2416667e+01
   2.6233333e+02   3.4100000e+01
   2.6136667e+02   3.4683333e+01
   2.6535000e+02   3.4300000e+01
   2.6130000e+02   3.4716667e+01
   2.6276667e+02   3.5266667e+01
   2.6396667e+02   3.5633333e+01
   2.3988333e+02   4.5150000e+01
   2.4106667e+02   4.4900000e+01
   2.4120000e+02   4.3983333e+01
   2.3893333e+02   4.3966667e+01
   2.3955000e+02   4.3583333e+01
   2.4013333e+02   4.3133333e+01
   2.4108333e+02   4.2666667e+01
   2.3750000e+02   4.2916667e+01
   2.3791667e+02   4.2266667e+01
   2.4231667e+02   4.5966667e+01
   2.4228333e+02   4.5966667e+01
   2.4180000e+02   4.5466667e+01
   2.4298333e+02   4.5116667e+01
   2.4143333e+02   4.5283333e+01
   2.4151667e+02   4.5550000e+01
   2.4220000e+02   4.5833333e+01
   2.4253333e+02   4.5683333e+01
   2.4208333e+02   4.5783333e+01
   2.4293333e+02   4.5000000e+01
   2.4203333e+02   4.5766667e+01
   2.4233333e+02   4.5816667e+01
   2.3783333e+02   4.2966667e+01
   2.3835000e+02   4.5316667e+01
   2.3728333e+02   4.2066667e+01
   2.3831667e+02   4.5333333e+01
   2.3835000e+02   4.3750000e+01
   2.3835000e+02   4.3733333e+01
   2.3838333e+02   4.3700000e+01
   2.3840000e+02   4.3716667e+01
   2.3870000e+02   4.3616667e+01
   2.3860000e+02   4.3466667e+01
   2.3825000e+02   4.3316667e+01
   2.3835000e+02   4.3233333e+01
   2.3805000e+02   4.3083333e+01
   2.3846667e+02   4.2916667e+01
   2.3838333e+02   4.2933333e+01
   2.3848333e+02   4.2750000e+01
   2.3793333e+02   4.2783333e+01
   2.3846667e+02   4.2633333e+01
   2.3955000e+02   4.3583333e+01
   2.3893333e+02   4.3966667e+01
   2.3910000e+02   4.3183333e+01
   2.4108333e+02   4.2666667e+01
   2.3833333e+02   4.5333333e+01
   2.3833333e+02   4.5333333e+01
   2.3833333e+02   4.5333333e+01
   2.3816667e+02   4.4666667e+01
   2.3816667e+02   4.4666667e+01
   2.3816667e+02   4.4666667e+01
   2.3833333e+02   4.3833333e+01
   2.3833333e+02   4.3833333e+01
   2.3833333e+02   4.3833333e+01
   2.3800000e+02   4.2833333e+01
   2.3800000e+02   4.2833333e+01
   2.3800000e+02   4.2833333e+01
   2.3766667e+02   4.3000000e+01
   2.3766667e+02   4.3000000e+01
   2.3766667e+02   4.3000000e+01
   2.3783333e+02   4.3000000e+01
   2.3833333e+02   4.5333333e+01
   2.3643333e+02   4.2000000e+01
   2.3858333e+02   4.5500000e+01
   2.3816667e+02   4.4133333e+01
   2.3816667e+02   4.4150000e+01
   2.3816667e+02   4.4183333e+01
   2.3873333e+02   4.4566667e+01
   2.8416667e+02   4.1766667e+01
   2.8230000e+02   4.0666667e+01
   2.8268333e+02   4.0883333e+01
   2.8508333e+02   4.1216667e+01
   2.8228333e+02   4.1333333e+01
   2.8030000e+02   3.9833333e+01
   2.8078333e+02   4.1316667e+01
   2.8235000e+02   4.0233333e+01
   2.8080000e+02   4.1333333e+01
   2.8360000e+02   3.9883333e+01
   2.8370000e+02   4.1366667e+01
   2.8411667e+02   4.1866667e+01
   2.8148333e+02   3.9833333e+01
   2.8103333e+02   4.1750000e+01
   2.7713333e+02   3.4700000e+01
   2.7958333e+02   3.3183333e+01
   2.7958333e+02   3.3183333e+01
   2.8013333e+02   3.3800000e+01
   2.5640000e+02   4.3783333e+01
   2.5656667e+02   4.4333333e+01
   2.5888333e+02   4.3600000e+01
   2.5888333e+02   4.3600000e+01
   2.5686667e+02   4.5350000e+01
   2.5633333e+02   4.4466667e+01
   2.5665000e+02   4.3750000e+01
   2.5665000e+02   4.3750000e+01
   2.5631667e+02   4.4333333e+01
   2.6283333e+02   4.3983333e+01
   2.6295000e+02   4.3850000e+01
   2.5611667e+02   4.3500000e+01
   2.5640000e+02   4.3900000e+01
   2.5663333e+02   4.3933333e+01
   2.5926667e+02   4.5283333e+01
   2.7608333e+02   3.5600000e+01
   2.7511667e+02   3.5700000e+01
   2.7591667e+02   3.6216667e+01
   2.7443333e+02   3.5450000e+01
   2.7063333e+02   3.6416667e+01
   2.7691667e+02   3.5600000e+01
   2.7665000e+02   3.5700000e+01
   2.7676667e+02   3.5750000e+01
   2.7676667e+02   3.5750000e+01
   2.7456667e+02   3.5616667e+01
   2.7456667e+02   3.5616667e+01
   2.7606667e+02   3.5616667e+01
   2.7650000e+02   3.5666667e+01
   2.7650000e+02   3.5666667e+01
   2.7761667e+02   3.5666667e+01
   2.7200000e+02   3.6483333e+01
   2.7443333e+02   3.5433333e+01
   2.6491667e+02   3.3733333e+01
   2.6251667e+02   3.2850000e+01
   2.6083333e+02   3.2983333e+01
   2.6150000e+02   3.2183333e+01
   2.6320000e+02   3.0933333e+01
   2.6336667e+02   3.0316667e+01
   2.6148333e+02   3.0833333e+01
   2.6081667e+02   3.0883333e+01
   2.6221667e+02   2.9483333e+01
   2.6303333e+02   2.9300000e+01
   2.6281667e+02   2.8833333e+01
   2.6208333e+02   2.9450000e+01
   2.5670000e+02   2.9250000e+01
   2.5515000e+02   3.1900000e+01
   2.6213333e+02   3.3450000e+01
   2.6191667e+02   3.2833333e+01
   2.5000000e+02   4.0783333e+01
   2.5075000e+02   3.8500000e+01
   2.5010000e+02   3.7533333e+01
   2.4915000e+02   3.7016667e+01
   2.4915000e+02   3.7016667e+01
   2.4998333e+02   3.7616667e+01
   2.5026667e+02   3.7616667e+01
   2.5005000e+02   4.0566667e+01
   2.4893333e+02   3.9416667e+01
   2.4733333e+02   3.7650000e+01
   2.4866667e+02   3.9583333e+01
   2.4615000e+02   3.7583333e+01
   2.4836667e+02   4.0566667e+01
   2.4785000e+02   3.7600000e+01
   2.4806667e+02   3.7716667e+01
   2.4775000e+02   3.7466667e+01
   2.4800000e+02   3.7616667e+01
   2.4781667e+02   3.7300000e+01
   2.4803333e+02   3.7650000e+01
   2.4811667e+02   3.7416667e+01
   2.4793333e+02   3.7500000e+01
   2.4790000e+02   3.7466667e+01
   2.8270000e+02   3.8633333e+01
   2.8280000e+02   3.8966667e+01
   2.8065000e+02   3.8300000e+01
   2.8055000e+02   3.7550000e+01
   2.8048333e+02   3.7500000e+01
   2.7950000e+02   3.7383333e+01
   2.7833333e+02   3.6666667e+01
   2.7950000e+02   3.7383333e+01
   2.8165000e+02   3.8500000e+01
   2.8066667e+02   3.8333333e+01
   2.8165000e+02   3.8500000e+01
   2.8020000e+02   3.7916667e+01
   2.8155000e+02   3.8766667e+01
   2.7961667e+02   3.7250000e+01
   2.8311667e+02   3.6783333e+01
   2.8306667e+02   3.7383333e+01
   2.8333333e+02   3.7616667e+01
   2.8153333e+02   3.8466667e+01
   2.8286667e+02   3.6783333e+01
   2.8185000e+02   3.8200000e+01
   2.8093333e+02   3.7550000e+01
   2.8346667e+02   3.6666667e+01
   2.8710000e+02   4.4316667e+01
   2.8716667e+02   4.4033333e+01
   2.8715000e+02   4.4450000e+01
   2.8715000e+02   4.4450000e+01
   2.8715000e+02   4.4450000e+01
   2.8715000e+02   4.4450000e+01
   2.8715000e+02   4.4450000e+01
   2.4195000e+02   4.8983333e+01
   2.4151667e+02   4.8766667e+01
   2.4170000e+02   4.8833333e+01
   2.4120000e+02   4.8483333e+01
   2.4245000e+02   4.8833333e+01
   2.4283333e+02   4.8300000e+01
   2.4125000e+02   4.8250000e+01
   2.4121667e+02   4.8116667e+01
   2.3960000e+02   4.8416667e+01
   2.4120000e+02   4.8500000e+01
   2.4085000e+02   4.8566667e+01
   2.4283333e+02   4.6850000e+01
   2.4230000e+02   4.6216667e+01
   2.4120000e+02   4.5316667e+01
   2.3956667e+02   4.7650000e+01
   2.3906667e+02   4.6666667e+01
   2.3846667e+02   4.6666667e+01
   2.3820000e+02   4.8900000e+01
   2.3675000e+02   4.7950000e+01
   2.3816667e+02   4.8650000e+01
   2.3926667e+02   4.8483333e+01
   2.3926667e+02   4.8483333e+01
   2.3935000e+02   4.8716667e+01
   2.3895000e+02   4.8733333e+01
   2.3940000e+02   4.5983333e+01
   2.3801667e+02   4.5966667e+01
   2.3780000e+02   4.6166667e+01
   2.3850000e+02   4.7383333e+01
   2.3685000e+02   4.7816667e+01
   2.3653333e+02   4.7983333e+01
   2.3796667e+02   4.5883333e+01
   2.3836667e+02   4.8133333e+01
   2.3671667e+02   4.7850000e+01
   2.3653333e+02   4.7966667e+01
   2.3976667e+02   4.8283333e+01
   2.3971667e+02   4.7200000e+01
   2.3935000e+02   4.8833333e+01
   2.3826667e+02   4.6916667e+01
   2.3825000e+02   4.8350000e+01
   2.3910000e+02   4.8733333e+01
   2.3860000e+02   4.8050000e+01
   2.3838333e+02   4.6883333e+01
   2.3866667e+02   4.8066667e+01
   2.3830000e+02   4.7016667e+01
   2.3863333e+02   4.8633333e+01
   2.3945000e+02   4.7300000e+01
   2.3641667e+02   4.7600000e+01
   2.3676667e+02   4.7600000e+01
   2.3695000e+02   4.7983333e+01
   2.3853333e+02   4.7416667e+01
   2.3895000e+02   4.7533333e+01
   2.3641667e+02   4.7483333e+01
   2.3945000e+02   4.7350000e+01
   2.3940000e+02   4.8000000e+01
   2.3950000e+02   4.8466667e+01
   2.3843333e+02   4.7066667e+01
   2.3850000e+02   4.6850000e+01
   2.3963333e+02   4.8166667e+01
   2.3920000e+02   4.7500000e+01
   2.3858333e+02   4.6616667e+01
   2.3936667e+02   4.8683333e+01
   2.3936667e+02   4.8683333e+01
   2.3935000e+02   4.8700000e+01
   2.3935000e+02   4.8700000e+01
   2.3935000e+02   4.8700000e+01
   2.3935000e+02   4.8733333e+01
   2.3935000e+02   4.8733333e+01
   2.3935000e+02   4.8733333e+01
   2.3935000e+02   4.8683333e+01
   2.3935000e+02   4.8683333e+01
   2.3936667e+02   4.8750000e+01
   2.3936667e+02   4.8750000e+01
   2.3935000e+02   4.8700000e+01
   2.3935000e+02   4.8716667e+01
   2.3785000e+02   4.6150000e+01
   2.3653333e+02   4.7983333e+01
   2.4166667e+02   4.8700000e+01
   2.3656667e+02   4.7966667e+01
   2.3866667e+02   4.7366667e+01
   2.3696667e+02   4.7833333e+01
   2.3828333e+02   4.8333333e+01
   2.3600000e+02   4.8000000e+01
   2.3816667e+02   4.6633333e+01
   2.3866667e+02   4.7883333e+01
   2.3711667e+02   4.6800000e+01
   2.3866667e+02   4.8666667e+01
   2.3866667e+02   4.8666667e+01
   2.3866667e+02   4.8666667e+01
   2.3625000e+02   4.7900000e+01
   2.3625000e+02   4.7900000e+01
   2.3625000e+02   4.7900000e+01
   2.3900000e+02   4.7833333e+01
   2.3900000e+02   4.7833333e+01
   2.3900000e+02   4.7833333e+01
   2.3825000e+02   4.6833333e+01
   2.3825000e+02   4.6833333e+01
   2.3825000e+02   4.6833333e+01
   2.3850000e+02   4.6166667e+01
   2.3850000e+02   4.6166667e+01
   2.3850000e+02   4.6166667e+01
   2.3850000e+02   4.6166667e+01
   2.3850000e+02   4.6166667e+01
   2.3850000e+02   4.6166667e+01
   2.3825000e+02   4.6833333e+01
   2.3825000e+02   4.6833333e+01
   2.3825000e+02   4.6833333e+01
   2.3900000e+02   4.7833333e+01
   2.3900000e+02   4.7833333e+01
   2.3900000e+02   4.7833333e+01
   2.3648333e+02   4.7833333e+01
   2.3648333e+02   4.7833333e+01
   2.3648333e+02   4.7833333e+01
   2.3651667e+02   4.7850000e+01
   2.3651667e+02   4.7850000e+01
   2.3651667e+02   4.7850000e+01
   2.3658333e+02   4.8000000e+01
   2.3658333e+02   4.8000000e+01
   2.3658333e+02   4.8000000e+01
   2.3675000e+02   4.7916667e+01
   2.3675000e+02   4.7916667e+01
   2.3675000e+02   4.7916667e+01
   2.3935000e+02   4.8716667e+01
   2.3603333e+02   4.6450000e+01
   2.3831667e+02   4.8866667e+01
   2.3851667e+02   4.6633333e+01
   2.3970000e+02   4.7366667e+01
   2.3791667e+02   4.6350000e+01
   2.7033333e+02   4.6033333e+01
   2.7111667e+02   4.5100000e+01
   2.7028333e+02   4.3416667e+01
   2.7210000e+02   4.2666667e+01
   2.8016667e+02   3.8700000e+01
   2.8063333e+02   3.8850000e+01
   2.8028333e+02   3.9100000e+01
   2.4993333e+02   4.3083333e+01
   2.5091667e+02   4.4583333e+01
   2.4948333e+02   4.3700000e+01
   2.5395000e+02   4.1133333e+01
   2.5371667e+02   4.1400000e+01
   2.5295000e+02   4.4150000e+01
   2.5230000e+02   4.1300000e+01
   2.4986667e+02   4.4366667e+01
   2.5213333e+02   4.4783333e+01
   2.4995000e+02   4.3716667e+01
   2.4920000e+02   4.1866667e+01
   2.4933333e+02   4.4983333e+01
   2.5045000e+02   4.3433333e+01
   2.5128333e+02   4.4183333e+01
   2.5376667e+02   4.1366667e+01
   2.5321667e+02   4.1150000e+01
   2.5463333e+02   4.1150000e+01
   2.4975000e+02   4.4750000e+01
   2.4960000e+02   4.4600000e+01
