  I  J
------
 78 11
 78 12
 79 12
 78 13
 79 13
 78 14
 79 14
 80 14
 39 15
 40 15
 78 15
 79 15
 80 15
 81 15
  6 16
  7 16
  8 16
 33 16
 34 16
 37 16
 38 16
 39 16
 40 16
 41 16
 79 16
 80 16
 81 16
 82 16
 83 16
  6 17
  7 17
  8 17
  9 17
 32 17
 33 17
 34 17
 35 17
 36 17
 37 17
 38 17
 39 17
 40 17
 41 17
 79 17
 80 17
 81 17
 82 17
 83 17
  6 18
  7 18
  8 18
  9 18
 10 18
 13 18
 32 18
 33 18
 34 18
 35 18
 36 18
 37 18
 38 18
 39 18
 40 18
 41 18
 79 18
 80 18
 81 18
 82 18
 83 18
 84 18
  5 19
  6 19
  7 19
  8 19
  9 19
 10 19
 13 19
 34 19
 35 19
 36 19
 37 19
 38 19
 39 19
 40 19
 79 19
 80 19
 81 19
 82 19
 83 19
 84 19
 85 19
  5 20
  6 20
  7 20
  8 20
  9 20
 10 20
 11 20
 14 20
 35 20
 36 20
 37 20
 39 20
 78 20
 79 20
 80 20
 81 20
 82 20
 83 20
 84 20
 85 20
 86 20
  5 21
  6 21
  7 21
  8 21
  9 21
 10 21
 11 21
 77 21
 78 21
 79 21
 80 21
 81 21
 82 21
 83 21
 84 21
 85 21
 86 21
  5 22
  6 22
  7 22
  8 22
  9 22
 10 22
 11 22
 77 22
 78 22
 79 22
 80 22
 81 22
 82 22
 83 22
 84 22
 85 22
 86 22
 87 22
  5 23
  6 23
  7 23
  8 23
  9 23
 10 23
 11 23
 39 23
 76 23
 77 23
 78 23
 79 23
 80 23
 81 23
 82 23
 83 23
 84 23
 85 23
 86 23
 87 23
  4 24
  5 24
  6 24
  7 24
  8 24
  9 24
 10 24
 11 24
 31 24
 76 24
 77 24
 78 24
 79 24
 80 24
 81 24
 82 24
 83 24
 84 24
  4 25
  5 25
  6 25
  7 25
  8 25
  9 25
 10 25
 11 25
 12 25
 31 25
 32 25
 77 25
 78 25
 79 25
 80 25
 81 25
 82 25
 83 25
  3 26
  4 26
  5 26
  6 26
  7 26
  8 26
  9 26
 10 26
 11 26
 12 26
 13 26
 77 26
 78 26
 79 26
 80 26
 81 26
 95 26
  1 27
  2 27
  3 27
  4 27
  5 27
  6 27
  7 27
  8 27
  9 27
 10 27
 11 27
 12 27
 13 27
 14 27
 77 27
 78 27
 79 27
 80 27
 94 27
 95 27
 96 27
  1 28
  2 28
  3 28
  4 28
  5 28
  6 28
  7 28
  8 28
  9 28
 10 28
 11 28
 12 28
 22 28
 29 28
 74 28
 93 28
 94 28
 95 28
 96 28
  1 29
  2 29
  3 29
  4 29
  5 29
  6 29
  7 29
  8 29
  9 29
 10 29
 11 29
 13 29
 14 29
 21 29
 22 29
 27 29
 28 29
 29 29
 72 29
 73 29
 93 29
 94 29
 95 29
 96 29
  1 30
  2 30
  3 30
  4 30
  5 30
  6 30
  7 30
  8 30
  9 30
 10 30
 12 30
 13 30
 14 30
 15 30
 16 30
 21 30
 22 30
 23 30
 27 30
 28 30
 29 30
 70 30
 71 30
 93 30
 94 30
 95 30
 96 30
  1 31
  2 31
  3 31
  4 31
  5 31
  6 31
  7 31
  8 31
  9 31
 10 31
 12 31
 13 31
 14 31
 20 31
 21 31
 22 31
 23 31
 24 31
 25 31
 26 31
 27 31
 28 31
 29 31
 30 31
 31 31
 32 31
 69 31
 70 31
 94 31
 95 31
 96 31
  1 32
  2 32
  3 32
  4 32
  5 32
  6 32
  7 32
  8 32
  9 32
 10 32
 11 32
 12 32
 13 32
 16 32
 17 32
 18 32
 19 32
 20 32
 21 32
 22 32
 23 32
 24 32
 25 32
 26 32
 27 32
 28 32
 29 32
 30 32
 31 32
 32 32
 33 32
 68 32
 69 32
 70 32
 94 32
 95 32
 96 32
  1 33
  2 33
  3 33
  4 33
  7 33
 11 33
 12 33
 13 33
 14 33
 15 33
 16 33
 17 33
 18 33
 19 33
 20 33
 21 33
 22 33
 23 33
 24 33
 25 33
 26 33
 27 33
 28 33
 29 33
 30 33
 31 33
 32 33
 33 33
 67 33
 68 33
 69 33
 70 33
 71 33
 72 33
 73 33
 74 33
 75 33
 95 33
 96 33
  1 34
  2 34
  3 34
 11 34
 12 34
 13 34
 14 34
 15 34
 16 34
 17 34
 18 34
 19 34
 20 34
 21 34
 22 34
 23 34
 24 34
 25 34
 26 34
 27 34
 28 34
 29 34
 30 34
 31 34
 32 34
 66 34
 67 34
 68 34
 69 34
 70 34
 71 34
 72 34
 73 34
 74 34
 75 34
 76 34
  9 35
 10 35
 11 35
 12 35
 13 35
 16 35
 17 35
 18 35
 19 35
 20 35
 21 35
 22 35
 23 35
 24 35
 25 35
 26 35
 27 35
 28 35
 29 35
 30 35
 31 35
 32 35
 65 35
 66 35
 67 35
 68 35
 69 35
 70 35
 71 35
 72 35
 73 35
 74 35
 75 35
 76 35
 95 35
 96 35
  1 36
  7 36
  8 36
 12 36
 13 36
 16 36
 17 36
 18 36
 19 36
 20 36
 21 36
 22 36
 23 36
 24 36
 25 36
 26 36
 27 36
 28 36
 29 36
 30 36
 31 36
 32 36
 33 36
 34 36
 35 36
 64 36
 65 36
 66 36
 67 36
 68 36
 69 36
 70 36
 71 36
 72 36
 73 36
 74 36
 75 36
 76 36
 77 36
 96 36
  1 37
  2 37
  3 37
  4 37
  5 37
  6 37
  7 37
  8 37
 10 37
 12 37
 13 37
 16 37
 17 37
 18 37
 19 37
 20 37
 21 37
 22 37
 23 37
 24 37
 25 37
 26 37
 27 37
 28 37
 29 37
 30 37
 31 37
 32 37
 33 37
 34 37
 35 37
 36 37
 37 37
 65 37
 66 37
 67 37
 68 37
 69 37
 70 37
 71 37
 72 37
 73 37
 75 37
 76 37
 77 37
 78 37
 79 37
  2 38
  3 38
  4 38
  5 38
  6 38
  7 38
  8 38
  9 38
 10 38
 11 38
 12 38
 13 38
 14 38
 15 38
 16 38
 17 38
 18 38
 19 38
 20 38
 21 38
 22 38
 23 38
 24 38
 25 38
 26 38
 27 38
 28 38
 29 38
 30 38
 31 38
 32 38
 33 38
 34 38
 35 38
 36 38
 37 38
 38 38
 64 38
 65 38
 66 38
 67 38
 68 38
 69 38
 70 38
 71 38
 72 38
 73 38
 74 38
 75 38
 76 38
 77 38
 78 38
 79 38
  4 39
  6 39
  7 39
  8 39
  9 39
 10 39
 11 39
 12 39
 13 39
 14 39
 15 39
 16 39
 17 39
 18 39
 19 39
 20 39
 21 39
 22 39
 23 39
 24 39
 25 39
 26 39
 27 39
 28 39
 29 39
 30 39
 31 39
 32 39
 33 39
 34 39
 35 39
 36 39
 37 39
 43 39
 63 39
 64 39
 65 39
 66 39
 67 39
 68 39
 69 39
 70 39
 71 39
 72 39
 73 39
 74 39
 77 39
 78 39
 79 39
 80 39
 81 39
  5 40
  8 40
  9 40
 10 40
 11 40
 12 40
 13 40
 14 40
 15 40
 16 40
 17 40
 18 40
 19 40
 20 40
 21 40
 22 40
 23 40
 24 40
 25 40
 26 40
 27 40
 28 40
 29 40
 30 40
 31 40
 32 40
 33 40
 34 40
 35 40
 36 40
 37 40
 62 40
 63 40
 64 40
 65 40
 66 40
 67 40
 68 40
 69 40
 70 40
 71 40
 72 40
 77 40
 78 40
 79 40
 80 40
  3 41
  4 41
  5 41
  9 41
 10 41
 11 41
 12 41
 13 41
 14 41
 15 41
 16 41
 17 41
 18 41
 19 41
 20 41
 21 41
 22 41
 23 41
 24 41
 25 41
 26 41
 27 41
 28 41
 29 41
 30 41
 31 41
 32 41
 33 41
 34 41
 35 41
 36 41
 37 41
 38 41
 39 41
 40 41
 41 41
 42 41
 45 41
 54 41
 55 41
 56 41
 57 41
 59 41
 60 41
 61 41
 62 41
 63 41
 64 41
 65 41
 66 41
 67 41
 68 41
 69 41
 70 41
 71 41
 77 41
  5 42
  6 42
  8 42
  9 42
 10 42
 12 42
 13 42
 14 42
 15 42
 16 42
 17 42
 18 42
 19 42
 20 42
 21 42
 22 42
 23 42
 24 42
 25 42
 26 42
 27 42
 28 42
 29 42
 30 42
 31 42
 32 42
 33 42
 34 42
 35 42
 36 42
 37 42
 38 42
 39 42
 40 42
 41 42
 42 42
 43 42
 44 42
 45 42
 46 42
 47 42
 48 42
 54 42
 55 42
 56 42
 57 42
 58 42
 59 42
 60 42
 61 42
 62 42
 63 42
 64 42
 65 42
 66 42
 67 42
 68 42
 69 42
 70 42
 71 42
 72 42
 73 42
 78 42
 79 42
 84 42
  7 43
  8 43
  9 43
 10 43
 18 43
 19 43
 20 43
 21 43
 22 43
 23 43
 24 43
 25 43
 26 43
 27 43
 28 43
 29 43
 30 43
 31 43
 32 43
 33 43
 34 43
 35 43
 36 43
 37 43
 38 43
 39 43
 40 43
 41 43
 42 43
 43 43
 44 43
 45 43
 46 43
 47 43
 48 43
 54 43
 55 43
 56 43
 57 43
 58 43
 59 43
 60 43
 61 43
 62 43
 63 43
 64 43
 65 43
 66 43
 67 43
 68 43
 69 43
 72 43
 75 43
 78 43
 83 43
 84 43
 23 44
 24 44
 25 44
 26 44
 27 44
 28 44
 29 44
 30 44
 31 44
 32 44
 33 44
 66 44
 74 44
 75 44
 76 44
 83 44
 29 45
 74 45
 75 45
 73 46
 74 46
 75 46
 76 46
 80 46
